5
13
17
29
37
41
61
73
89
97
101
109
149
181
233
277
281
349
409
433
449
677
701
709
769
821
877
881
1669
2221
3001
3121
3169
3221
3301
3833
4969
4993
6469
6833
6949
7121
7477
7949
9001
9049
9221
9649
9833
9901
9949
11969
19121
20021
20201
21121
23021
23201
43669
44777
47777
60493
60649
66749
80833
90121
91121
91921
91969
94693
111121
112121
119921
199921
220301
466369
470077
666493
666649
772721
777221
777781
779981
799921
800333
803333
806033
833033
833633
860333
863633
901169
946369
946669
999169
1111169
1999969
4007077
4044077
4400477
4666693
8000033
8000633
8006633
8600633
8660033
8830033
8863333
8866633
22000001
40400077
44040077
60000049
66000049
66600049
79999981
80666633
83333333
86606633
86666633
88600033
88883033
88886033
400000477
400444477
444000077
444044477
836666333
866663333
888803633
888806333
888880633
888886333
8888800033
8888888033
88888883333
440444444477
7777777777921
8888888888333
40000000000777
44444444400077
40444444444444477
44444444444444477
88888888888888633
999999999999999121
8888888888888888888888888888888888888888888888888888888888888888888888888888833
