2
3
5
7
B
D
14
18
1E
41
94
9E
A1
C1
E1
111
681
698
801
988
991
9C8
A98
C98
1091
1691
6191
6911
8191
9011
9611
9811
4498
4898
49A8
6061
6601
8881
8098
8908
8968
8E98
96A8
9A08
9AA8
E898
E9A8
EE98
19601
19001
40968
49668
49998
86661
88898
89998
91061
900A8
96068
E0968
E0098
E9608
490608
190661
490068
666661
910001
90A668
9099A8
999068
9909A8
E90008
9006008
9000668
9660008
9996008
9999908
9A66668
E999998
99099098
90000008
90099668
90666668
9090968
90909998
90990998
99966608
9900968
99900998
E9066668
900666608
90996668
909990098
9000099998
99966668
99999668
99999998
966666008
