2
3
5
7
B
D
14
18
1E
41
94
9E
A1
C1
E1
111
681
698
801
988
991
9C8
A98
C98
1091
1691
6191
6911
8191
9011
9611
9811
4498
4898
6061
6601
8881
8098
8908
8E98
96A8
9A08
9AA8
E898
EE98
19601
49A8
900A8
E9A8
9909A8
19001
49998
86661
88898
89998
8968
91061
9099A8
96068
E0098
40968
190661
490068
666661
910001
90A668
999068
E90008
E9608
49668
9000668
9660008
9A66668
490608
90000008
90099668
9090968
9900968
99999668
9999908
E0968
E999998
9006008
99900998
9996008
909990098
90990998
99099098
90996668
90909998
99966668
E9066668
99966608
900666608
9000099998
90666668
966666008
99999998
E9666666666666668
96666666666666666666666666666666666666666666666666666666666666666666666666666666666666666666666666666666608
