0.140000
0.150000
0.150000
0.140000
0.140000
0.120000
0.150000
0.140000
0.150000
0.150000
0.150000
0.160000
0.140000
0.150000
0.140000
0.150000
0.140000
0.150000
0.140000
0.160000
0.130000
0.150000
0.150000
0.140000
0.150000
0.140000
0.150000
0.140000
0.140000
0.150000
0.140000
0.150000
0.150000
0.150000
0.140000
0.140000
0.150000
0.130000
0.150000
0.140000
0.150000
0.140000
0.150000
0.150000
0.150000
0.150000
0.140000
0.150000
0.140000
0.140000
0.150000
0.150000
0.140000
0.150000
0.150000
0.140000
