0.040000
0.030000
0.040000
0.040000
0.040000
0.030000
0.040000
0.040000
0.040000
0.040000
0.030000
0.040000
0.030000
0.040000
0.050000
0.040000
0.040000
0.040000
0.040000
0.040000
0.040000
0.040000
0.040000
0.040000
0.040000
0.050000
0.040000
0.040000
0.040000
0.040000
0.040000
0.040000
0.040000
0.050000
0.040000
0.040000
0.030000
0.040000
0.040000
0.040000
0.040000
0.040000
0.040000
0.040000
0.040000
0.040000
0.040000
0.040000
0.050000
0.040000
0.040000
0.040000
0.040000
0.040000
0.050000
0.040000
0.040000
0.040000
0.040000
0.040000
0.040000
0.040000
0.040000
0.040000
0.050000
