pmin=27445218701
73*17^n-9
10367
10368
10373
10384
10386
10390
10392
10393
10397
10404
10406
10413
10422
10426
10433
10447
10455
10457
10470
10473
10491
10492
10496
10499
10506
10507
10510
10515
10517
10521
10536
10537
10561
10562
10568
10573
10578
10585
10586
10589
10593
10596
10603
10615
10621
10633
10642
10655
10661
10670
10675
10678
10683
10686
10688
10691
10701
10703
10704
10708
10711
10713
10716
10718
10721
10724
10730
10741
10746
10751
10756
10764
10769
10771
10778
10779
10782
10784
10790
10792
10796
10800
10801
10815
10824
10829
10831
10850
10851
10852
10868
10873
10877
10880
10883
10886
10894
10897
10898
10901
10911
10920
10923
10932
10935
10938
10943
10950
10955
10957
10963
10966
10967
10972
10979
10985
10992
10994
11000
11001
11002
11005
11014
11023
11029
11054
11064
11070
11075
11103
11104
11111
11113
11117
11119
11122
11124
11131
11137
11149
11151
11174
11177
11183
11189
11194
11207
11215
11218
11226
11240
11246
11259
11281
11286
11297
11302
11304
11306
11315
11317
11327
11330
11331
11338
11347
11351
11354
11361
11364
11375
11377
11381
11382
11384
11396
11405
11406
11415
11418
11419
11425
11426
11428
11430
11431
11444
11449
11451
11461
11470
11472
11474
11483
11486
11495
11497
11510
11521
11522
11528
11533
11535
11546
11556
11558
11563
11576
11589
11590
11598
11604
11608
11626
11633
11662
11665
11666
11670
11676
11679
11680
11683
11686
11689
11711
11716
11717
11719
11723
11725
11728
11730
11734
11736
11743
11753
11754
11755
11773
11774
11779
11796
11804
11813
11814
11816
11825
11829
11837
11849
11851
11870
11885
11886
11893
11898
11899
11903
11909
11916
11923
11931
11935
11936
11942
11949
11950
11951
11968
11970
11971
11974
11981
11988
11990
12002
12013
12016
12017
12037
12041
12044
12063
12066
12067
12069
12076
12084
12102
12103
12104
12110
12112
12116
12118
12127
12143
12145
12148
12159
12160
12164
12168
12174
12184
12196
12209
12210
12211
12228
12233
12234
12242
12248
12249
12258
12259
12261
12299
12306
12312
12313
12315
12325
12333
12335
12338
12354
12360
12365
12370
12379
12384
12395
12396
12397
12404
12408
12419
12423
12425
12427
12437
12439
12441
12450
12451
12473
12476
12483
12494
12497
12501
12510
12511
12514
12531
12539
12541
12546
12561
12562
12564
12565
12569
12579
12594
12603
12609
12617
12624
12636
12658
12663
12670
12674
12675
12680
12699
12701
12702
12709
12714
12715
12721
12725
12733
12737
12745
12746
12753
12759
12762
12769
12770
12774
12782
12783
12799
12805
12809
12810
12834
12861
12864
12869
12871
12877
12896
12903
12912
12914
12918
12922
12936
12937
12951
12955
12959
12973
12974
12985
12986
12989
12990
12996
12997
13004
13008
13009
13015
13023
13032
13048
13051
13053
13064
13081
13093
13095
13096
13098
13101
13106
13113
13116
13118
13120
13121
13127
13129
13131
13146
13151
13156
13164
13174
13192
13193
13194
13199
13209
13213
13218
13235
13253
13254
13256
13261
13263
13296
13297
13301
13304
13307
13312
13318
13319
13321
13349
13351
13354
13361
13364
13374
13378
13381
13386
13399
13405
13416
13421
13427
13428
13430
13433
13435
13436
13443
13446
13452
13465
13469
13470
13471
13480
13481
13502
13506
13508
13514
13515
13517
13519
13521
13522
13526
13535
13537
13541
13542
13547
13555
13562
13565
13578
13583
13586
13590
13595
13600
13613
13623
13628
13629
13630
13631
13632
13641
13644
13646
13655
13670
13678
13685
13687
13693
13695
13698
13703
13706
13710
13713
13718
13721
13722
13729
13739
13755
13759
13761
13763
13764
13768
13774
13776
13779
13781
13788
13800
13802
13822
13823
13825
13826
13840
13852
13853
13858
13861
13866
13872
13875
13885
13898
13910
13911
13915
13921
13923
13924
13928
13933
13938
13950
13953
13954
13956
13964
13976
13981
13984
13990
13993
13994
13997
14017
14023
14026
14028
14030
14034
14035
14042
14043
14052
14057
14065
14071
14076
14078
14081
14082
14083
14098
14107
14110
14114
14128
14136
14139
14141
14160
14164
14169
14170
14174
14186
14198
14199
14208
14216
14222
14226
14228
14243
14249
14250
14255
14257
14259
14263
14267
14268
14269
14271
14274
14276
14280
14286
14289
14294
14313
14316
14320
14321
14323
14327
14329
14331
14334
14339
14342
14345
14366
14371
14375
14381
14383
14389
14396
14416
14419
14422
14433
14442
14450
14461
14467
14472
14475
14485
14489
14490
14499
14502
14508
14519
14528
14535
14542
14556
14557
14560
14572
14573
14578
14579
14582
14585
14588
14598
14601
14603
14616
14618
14622
14628
14634
14645
14651
14653
14664
14678
14689
14694
14696
14703
14709
14710
14715
14721
14723
14731
14743
14746
14747
14751
14756
14760
14772
14774
14775
14783
14789
14796
14797
14802
14808
14810
14821
14823
14826
14830
14832
14846
14861
14876
14882
14887
14888
14894
14895
14909
14911
14929
14931
14933
14934
14938
14946
14965
14978
14979
14982
14983
14987
14992
14993
14998
15003
15009
15011
15012
15021
15030
15033
15040
15048
15061
15066
15071
15076
15079
15080
15082
15085
15091
15096
15099
15106
15112
15113
15121
15122
15123
15142
15144
15150
15154
15158
15163
15164
15168
15171
15174
15183
15188
15191
15193
15198
15203
15206
15210
15211
15214
15218
15222
15226
15230
15239
15242
15245
15247
15257
15258
15270
15271
15278
15279
15288
15290
15292
15296
15301
15319
15320
15334
15362
15365
15367
15369
15370
15374
15375
15395
15403
15406
15409
15410
15419
15429
15434
15445
15453
15459
15469
15471
15474
15487
15489
15508
15514
15517
15522
15535
15547
15551
15552
15555
15564
15565
15571
15577
15578
15581
15586
15587
15594
15606
15619
15640
15659
15690
15695
15697
15698
15701
15707
15710
15712
15718
15726
15730
15733
15738
15741
15744
15745
15746
15753
15760
15766
15767
15781
15784
15795
15797
15798
15799
15809
15813
15823
15830
15831
15840
15841
15843
15845
15848
15851
15856
15861
15868
15876
15892
15894
15903
15904
15913
15918
15921
15924
15928
15930
15933
15934
15948
15950
15954
15956
15960
15967
15981
15982
15983
15985
15998
16004
16009
16010
16029
16033
16035
16037
16041
16049
16054
16063
16070
16074
16088
16093
16094
16098
16106
16108
16109
16115
16117
16121
16122
16128
16134
16143
16148
16153
16157
16159
16161
16171
16188
16190
16192
16200
16203
16207
16215
16216
16226
16228
16239
16252
16262
16296
16303
16306
16313
16324
16334
16341
16356
16364
16366
16369
16371
16375
16381
16406
16442
16443
16444
16445
16446
16457
16458
16469
16473
16480
16483
16486
16487
16502
16506
16510
16511
16512
16517
16518
16521
16522
16524
16537
16550
16563
16566
16567
16576
16578
16579
16581
16583
16588
16591
16607
16614
16616
16618
16640
16650
16662
16663
16670
16675
16680
16686
16687
16691
16696
16698
16701
16711
16721
16756
16779
16790
16793
16799
16801
16802
16803
16806
16809
16817
16824
16831
16836
16840
16848
16854
16856
16859
16863
16879
16881
16890
16895
16899
16901
16903
16907
16909
16912
16922
16925
16926
16931
16942
16945
16958
16969
16972
16974
16982
16993
16997
17000
17006
17008
17015
17016
17022
17024
17029
17033
17039
17048
17049
17051
17053
17058
17061
17062
17064
17073
17084
17089
17093
17111
17118
17121
17128
17129
17131
17135
17139
17142
17166
17173
17185
17189
17190
17194
17196
17197
17204
17206
17223
17226
17230
17233
17237
17238
17242
17244
17261
17263
17268
17271
17274
17292
17297
17298
17301
17305
17309
17317
17318
17321
17335
17342
17343
17353
17357
17361
17369
17374
17376
17378
17382
17384
17395
17399
17406
17412
17414
17425
17436
17437
17443
17446
17447
17452
17453
17459
17461
17463
17473
17475
17476
17501
17502
17518
17523
17524
17529
17531
17532
17545
17551
17557
17558
17559
17560
17573
17579
17585
17586
17609
17613
17615
17616
17617
17621
17627
17628
17630
17633
17635
17640
17645
17656
17657
17658
17659
17661
17662
17679
17682
17690
17699
17705
17709
17714
17733
17737
17742
17750
17753
17760
17776
17778
17783
17786
17790
17793
17796
17797
17807
17813
17823
17825
17826
17833
17835
17838
17839
17855
17858
17862
17869
17873
17899
17903
17906
17911
17915
17916
17922
17943
17950
17955
17956
17961
17962
17986
17992
17998
18000
18007
18015
18029
18041
18049
18050
18051
18054
18064
18069
18070
18072
18074
18077
18078
18079
18083
18089
18091
18095
18108
18110
18114
18115
18121
18139
18141
18143
18149
18150
18153
18160
18174
18175
18193
18202
18215
18217
18222
18227
18228
18233
18238
18239
18242
18243
18254
18261
18274
18286
18289
18295
18304
18305
18306
18308
18314
18318
18322
18326
18331
18337
18341
18343
18348
18361
18369
18372
18373
18384
18390
18391
18397
18398
18404
18415
18430
18445
18448
18451
18453
18462
18467
18471
18475
18483
18502
18517
18524
18533
18538
18546
18549
18551
18553
18561
18566
18579
18583
18590
18602
18611
18612
18634
18635
18636
18655
18665
18680
18683
18684
18699
18702
18710
18712
18713
18719
18731
18736
18738
18746
18754
18767
18776
18783
18792
18798
18801
18803
18806
18808
18817
18821
18833
18835
18841
18843
18844
18845
18846
18856
18861
18863
18870
18875
18878
18881
18882
18892
18909
18914
18919
18922
18924
18928
18930
18938
18949
18953
18958
18960
18969
18971
18981
18985
18988
18993
19001
19010
19011
19026
19032
19038
19046
19050
19057
19058
19063
19064
19073
19081
19087
19089
19092
19099
19103
19116
19128
19130
19136
19143
19145
19148
19151
19153
19157
19158
19170
19176
19178
19179
19193
19206
19210
19218
19226
19229
19237
19242
19243
19247
19259
19272
19278
19279
19285
19295
19297
19302
19308
19310
19314
19321
19328
19334
19343
19345
19346
19348
19349
19350
19356
19370
19374
19375
19384
19390
19393
19396
19399
19403
19405
19411
19421
19440
19441
19447
19449
19461
19465
19487
19490
19503
19504
19507
19508
19519
19521
19523
19529
19534
19541
19556
19560
19566
19571
19591
19597
19600
19603
19604
19607
19615
19622
19623
19629
19643
19651
19657
19659
19670
19672
19674
19678
19684
19685
19689
19695
19704
19711
19719
19720
19721
19730
19741
19754
19757
19761
19769
19771
19787
19789
19791
19793
19796
19805
19823
19839
19842
19853
19854
19864
19873
19877
19889
19890
19894
19897
19916
19920
19924
19932
19945
19950
19959
19964
19972
19978
19987
19993
20002
20004
20005
20013
20015
20019
20021
20033
20036
20055
20057
20063
20065
20087
20095
20099
20102
20118
20120
20125
20138
20143
20150
20151
20154
20155
20162
20166
20167
20181
20186
20189
20194
20195
20201
20214
20219
20223
20229
20241
20246
20248
20256
20259
20264
20269
20270
20271
20293
20294
20321
20324
20332
20335
20345
20346
20347
20353
20357
20360
20383
20389
20390
20399
20401
20403
20405
20421
20424
20428
20433
20443
20461
20471
20475
20493
20514
20515
20521
20523
20526
20532
20533
20534
20539
20542
20558
20571
20574
20575
20581
20591
20593
20597
20617
20621
20628
20630
20631
20636
20644
20646
20647
20651
20653
20655
20669
20680
20681
20692
20696
20702
20706
20712
20715
20722
20724
20733
20734
20735
20737
20743
20744
20752
20762
20785
20788
20790
20815
20823
20828
20838
20839
20855
20857
20881
20882
20883
20886
20888
20891
20893
20906
20909
20918
20923
20930
20933
20939
20942
20947
20949
20951
20961
20965
20966
20971
20975
20982
20984
20988
20990
20995
21005
21013
21014
21025
21026
21037
21041
21042
21047
21049
21065
21075
21081
21094
21108
21114
21121
21128
21129
21132
21141
21156
21158
21160
21166
21189
21197
21198
21199
21204
21210
21215
21216
21219
21230
21247
21248
21251
21255
21264
21271
21282
21290
21298
21305
21311
21312
21313
21314
21343
21348
21353
21359
21360
21361
21373
21377
21382
21383
21384
21386
21397
21421
21427
21435
21439
21441
21443
21449
21450
21451
21454
21467
21468
21471
21472
21479
21480
21489
21501
21506
21514
21521
21529
21533
21542
21543
21546
21547
21564
21570
21573
21576
21589
21598
21603
21605
21606
21623
21626
21631
21637
21641
21644
21647
21649
21658
21661
21667
21670
21673
21677
21684
21686
21691
21701
21702
21724
21727
21730
21731
21743
21746
21758
21767
21769
21770
21775
21781
21787
21793
21801
21802
21810
21813
21818
21819
21824
21830
21842
21847
21849
21850
21853
21869
21877
21878
21881
21884
21887
21896
21903
21906
21908
21911
21912
21913
21914
21915
21918
21921
21930
21941
21949
21954
21972
21974
21985
21989
21998
21999
22001
22004
22008
22026
22031
22034
22050
22051
22055
22056
22061
22062
22067
22069
22073
22076
22080
22082
22084
22096
22097
22102
22110
22113
22118
22121
22127
22136
22138
22139
22141
22143
22153
22161
22166
22170
22171
22188
22191
22194
22199
22208
22210
22230
22237
22240
22241
22242
22248
22250
22262
22266
22268
22275
22283
22285
22301
22302
22307
22309
22323
22331
22333
22336
22339
22351
22364
22369
22371
22381
22382
22386
22392
22394
22400
22401
22405
22406
22418
22419
22423
22433
22440
22443
22447
22456
22475
22476
22478
22494
22495
22498
22499
22512
22516
22522
22524
22538
22551
22558
22559
22560
22561
22570
22583
22584
22589
22599
22606
22623
22627
22631
22632
22639
22642
22661
22666
22680
22717
22728
22741
22754
22763
22773
22783
22787
22802
22813
22816
22822
22825
22830
22839
22848
22862
22863
22866
22867
22869
22874
22879
22884
22889
22894
22895
22898
22899
22907
22912
22923
22924
22926
22933
22938
22959
22960
22981
22985
22986
22989
22994
22996
22998
23000
23001
23003
23006
23010
23017
23018
23019
23021
23030
23036
23049
23058
23062
23066
23077
23089
23091
23110
23117
23128
23133
23146
23149
23150
23159
23161
23170
23171
23172
23176
23178
23181
23182
23186
23198
23200
23201
23207
23218
23227
23231
23243
23244
23259
23272
23274
23278
23281
23282
23286
23287
23290
23293
23299
23301
23314
23322
23329
23333
23334
23347
23349
23350
23352
23355
23359
23366
23369
23371
23376
23388
23392
23418
23429
23434
23435
23437
23438
23443
23452
23462
23467
23473
23485
23486
23522
23526
23530
23546
23551
23559
23561
23563
23572
23573
23583
23589
23608
23613
23616
23619
23621
23624
23628
23631
23651
23655
23661
23670
23682
23691
23702
23712
23715
23718
23724
23729
23744
23748
23750
23756
23767
23772
23781
23782
23789
23818
23819
23823
23830
23837
23844
23851
23861
23870
23876
23884
23893
23897
23899
23904
23919
23924
23926
23927
23929
23936
23956
23959
23960
23964
23975
23987
23988
23992
23998
24006
24007
24010
24013
24014
24026
24028
24034
24039
24044
24047
24054
24055
24064
24067
24068
24081
24082
24085
24095
24096
24111
24114
24119
24120
24122
24127
24144
24145
24149
24150
24156
24157
24169
24171
24172
24173
24174
24188
24195
24198
24199
24201
24211
24214
24224
24233
24235
24244
24246
24248
24251
24252
24255
24262
24264
24270
24286
24289
24290
24291
24293
24295
24309
24313
24320
24322
24323
24325
24336
24338
24341
24342
24343
24366
24370
24379
24383
24391
24395
24398
24409
24422
24432
24449
24451
24456
24462
24468
24474
24478
24480
24485
24488
24510
24513
24521
24528
24538
24541
24565
24570
24571
24582
24589
24601
24610
24614
24623
24624
24630
24647
24655
24667
24668
24671
24679
24688
24694
24697
24699
24702
24710
24712
24715
24719
24721
24729
24733
24734
24735
24770
24771
24779
24784
24791
24793
24805
24809
24815
24818
24821
24839
24841
24849
24853
24855
24871
24874
24882
24887
24888
24890
24893
24912
24915
24930
24933
24948
24953
24955
24963
24965
24970
24972
24976
24977
25008
25014
25019
25021
25026
25032
25034
25056
25059
25067
25069
25075
25086
25097
25108
25109
25110
25124
25128
25133
25134
25153
25156
25158
25164
25175
25182
25183
25187
25189
25199
25215
25221
25223
25225
25229
25231
25233
25234
25236
25251
25252
25258
25264
25265
25266
25268
25271
25274
25281
25289
25290
25294
25299
25306
25315
25320
25326
25349
25357
25361
25363
25389
25393
25401
25406
25408
25410
25411
25419
25421
25450
25453
25454
25459
25461
25463
25480
25481
25484
25495
25512
25518
25522
25525
25531
25533
25546
25548
25554
25559
25562
25583
25588
25595
25599
25611
25628
25630
25641
25661
25662
25666
25680
25685
25695
25696
25697
25699
25701
25705
25706
25722
25727
25732
25734
25742
25746
25747
25748
25752
25756
25759
25760
25761
25762
25765
25773
25788
25791
25793
25799
25801
25802
25805
25807
25812
25814
25829
25838
25844
25856
25871
25873
25875
25884
25889
25893
25895
25898
25909
25911
25912
25916
25934
25937
25945
25949
25954
25963
25968
25978
25997
26011
26013
26015
26023
26029
26030
26031
26040
26046
26048
26056
26077
26078
26080
26081
26088
26098
26101
26105
26136
26137
26142
26143
26148
26159
26161
26162
26169
26171
26172
26181
26188
26196
26198
26204
26210
26213
26222
26227
26228
26230
26236
26237
26241
26242
26245
26261
26270
26274
26280
26291
26295
26301
26305
26308
26323
26332
26335
26345
26346
26351
26354
26363
26365
26371
26376
26378
26379
26383
26408
26411
26417
26419
26425
26429
26430
26435
26436
26456
26469
26474
26476
26483
26507
26519
26524
26525
26533
26538
26543
26550
26551
26554
26582
26584
26588
26594
26595
26601
26604
26616
26619
26621
26624
26626
26628
26633
26635
26658
26669
26691
26695
26708
26746
26750
26753
26756
26766
26774
26783
26786
26791
26807
26813
26816
26818
26828
26845
26848
26857
26872
26880
26883
26887
26916
26922
26943
26945
26951
26956
26978
26984
26987
26988
26989
26995
26996
26998
26999
27006
27014
27018
27019
27030
27051
27052
27054
27055
27058
27062
27069
27078
27079
27088
27111
27131
27138
27149
27161
27167
27170
27187
27197
27203
27216
27221
27223
27224
27234
27241
27243
27244
27247
27254
27265
27281
27282
27289
27294
27302
27303
27307
27308
27310
27315
27325
27329
27330
27356
27358
27359
27360
27366
27377
27378
27381
27382
27394
27397
27399
27403
27410
27421
27431
27435
27443
27448
27450
27455
27456
27458
27459
27461
27462
27463
27464
27484
27492
27493
27499
27510
27517
27519
27521
27524
27526
27533
27548
27549
27562
27575
27582
27583
27590
27592
27593
27615
27617
27623
27628
27633
27644
27650
27651
27653
27661
27676
27677
27684
27685
27686
27689
27704
27709
27711
27715
27720
27741
27742
27743
27750
27754
27769
27774
27775
27783
27784
27786
27794
27798
27801
27808
27816
27819
27821
27836
27841
27842
27845
27850
27851
27854
27855
27858
27861
27875
27879
27883
27890
27909
27916
27929
27938
27944
27947
27953
27964
27966
27969
27979
27988
27989
27991
28003
28007
28013
28019
28021
28022
28024
28033
28035
28040
28044
28058
28061
28072
28088
28093
28094
28098
28099
28105
28114
28122
28142
28147
28150
28154
28155
28161
28166
28168
28173
28175
28181
28186
28199
28206
28213
28215
28217
28236
28246
28248
28250
28263
28265
28284
28294
28297
28303
28309
28325
28327
28330
28334
28337
28349
28354
28379
28387
28406
28417
28440
28447
28451
28452
28455
28461
28466
28483
28495
28514
28528
28535
28541
28567
28569
28574
28578
28583
28585
28593
28604
28612
28616
28632
28637
28655
28664
28672
28673
28679
28701
28704
28708
28709
28711
28716
28720
28733
28742
28745
28749
28759
28760
28765
28769
28782
28783
28789
28791
28798
28800
28801
28805
28815
28818
28822
28825
28826
28834
28848
28862
28863
28865
28870
28896
28898
28899
28916
28933
28937
28941
28942
28946
28959
28961
28971
28972
28973
28982
28986
28992
28997
28998
29001
29005
29009
29015
29028
29034
29043
29044
29050
29053
29059
29095
29106
29113
29114
29130
29135
29138
29139
29143
29155
29158
29166
29167
29172
29173
29193
29203
29204
29207
29225
29238
29241
29249
29254
29263
29279
29280
29290
29291
29293
29298
29305
29311
29315
29316
29320
29321
29322
29331
29332
29334
29335
29338
29356
29357
29358
29370
29375
29377
29379
29381
29390
29396
29401
29408
29413
29414
29426
29437
29438
29439
29463
29469
29472
29479
29481
29485
29491
29493
29496
29498
29501
29503
29509
29515
29518
29522
29525
29529
29531
29535
29537
29538
29539
29542
29546
29548
29555
29562
29570
29575
29578
29581
29594
29598
29610
29621
29622
29624
29626
29627
29629
29631
29639
29641
29646
29661
29662
29665
29669
29673
29676
29677
29693
29699
29701
29713
29730
29733
29738
29739
29751
29769
29775
29784
29789
29790
29797
29799
29807
29821
29833
29851
29853
29857
29866
29871
29878
29894
29911
29916
29929
29933
29951
29954
29960
29979
29986
29987
29990
29991
29993
30003
30006
30025
30037
30048
30052
30055
30058
30059
30074
30081
30082
30089
30091
30096
30099
30101
30102
30104
30108
30113
30129
30131
30133
30138
30141
30149
30155
30167
30168
30171
30175
30187
30189
30197
30199
30202
30204
30228
30238
30243
30249
30254
30263
30274
30276
30279
30283
30293
30294
30310
30311
30315
30321
30334
30336
30338
30342
30350
30351
30354
30361
30362
30364
30367
30373
30376
30377
30381
30386
30389
30400
30404
30408
30431
30436
30439
30441
30448
30458
30463
30471
30483
30497
30501
30513
30515
30535
30536
30541
30547
30554
30557
30559
30560
30564
30570
30578
30579
30584
30589
30590
30592
30601
30603
30630
30633
30634
30636
30647
30649
30653
30674
30683
30691
30698
30701
30713
30719
30720
30722
30723
30724
30727
30728
30761
30762
30769
30779
30783
30787
30795
30802
30806
30817
30824
30830
30843
30844
30845
30848
30850
30852
30853
30870
30871
30878
30884
30895
30899
30906
30907
30908
30910
30911
30913
30922
30926
30930
30933
30948
30959
30961
30962
30966
30972
30974
30976
30978
30983
30994
31004
31007
31022
31024
31025
31028
31029
31031
31046
31066
31069
31075
31082
31097
31099
31102
31109
31110
31111
31116
31128
31129
31130
31141
31142
31153
31158
31179
31181
31194
31201
31204
31211
31217
31226
31236
31238
31239
31242
31266
31268
31275
31282
31284
31293
31321
31322
31335
31346
31349
31361
31384
31388
31409
31421
31423
31424
31433
31440
31443
31449
31452
31455
31465
31478
31479
31486
31487
31490
31511
31512
31514
31516
31517
31519
31521
31522
31523
31525
31537
31544
31551
31554
31558
31570
31573
31602
31613
31623
31626
31627
31632
31634
31638
31643
31649
31650
31657
31686
31688
31689
31693
31698
31701
31710
31713
31717
31732
31745
31746
31747
31773
31778
31782
31810
31811
31813
31825
31830
31843
31849
31850
31852
31861
31882
31885
31886
31893
31907
31912
31924
31927
31928
31933
31945
31948
31949
31950
31957
31960
31962
31968
31970
31981
31984
31986
31994
31996
32002
32005
32010
32021
32022
32031
32053
32054
32059
32062
32077
32078
32091
32092
32093
32094
32101
32103
32110
32119
32131
32150
32154
32163
32164
32167
32168
32178
32183
32184
32185
32190
32191
32197
32201
32208
32216
32231
32236
32237
32253
32254
32256
32257
32258
32261
32271
32273
32284
32285
32292
32294
32303
32304
32313
32315
32326
32329
32333
32334
32350
32355
32356
32357
32359
32361
32362
32366
32369
32389
32392
32398
32399
32413
32415
32421
32426
32436
32443
32452
32461
32463
32465
32466
32467
32474
32478
32480
32481
32485
32490
32496
32501
32507
32520
32526
32543
32544
32546
32553
32569
32571
32572
32574
32586
32597
32606
32611
32613
32614
32616
32619
32622
32623
32627
32632
32638
32644
32646
32666
32670
32671
32711
32721
32725
32744
32760
32763
32766
32774
32775
32782
32791
32802
32807
32811
32830
32837
32841
32845
32850
32868
32884
32891
32896
32897
32898
32901
32913
32918
32919
32920
32921
32924
32926
32928
32932
32934
32942
32945
32956
32958
32959
32970
32977
32984
32987
32989
32994
32999
33001
33004
33005
33009
33012
33024
33029
33033
33037
33040
33056
33061
33062
33064
33065
33068
33073
33074
33089
33090
33101
33103
33108
33116
33141
33142
33153
33156
33183
33191
33194
33197
33201
33211
33222
33235
33236
33239
33251
33255
33262
33270
33271
33273
33281
33288
33289
33290
33291
33298
33313
33314
33316
33323
33325
33337
33341
33351
33353
33372
33379
33383
33391
33395
33404
33409
33411
33415
33421
33424
33429
33430
33433
33439
33450
33453
33455
33495
33496
33497
33501
33504
33505
33508
33514
33539
33545
33546
33547
33557
33563
33574
33576
33586
33617
33629
33630
33631
33635
33637
33640
33643
33656
33659
33663
33666
33673
33681
33682
33696
33710
33712
33724
33726
33727
33732
33734
33735
33737
33741
33743
33759
33762
33763
33769
33775
33786
33790
33791
33819
33822
33843
33845
33846
33848
33852
33855
33866
33868
33874
33888
33892
33895
33896
33899
33904
33906
33910
33917
33926
33929
33930
33934
33944
33948
33953
33960
33967
33977
33982
33983
33984
33990
34007
34015
34022
34025
34038
34039
34044
34045
34056
34057
34063
34072
34073
34081
34082
34085
34087
34088
34089
34094
34098
34105
34106
34111
34116
34122
34126
34148
34149
34153
34161
34164
34165
34191
34192
34193
34196
34198
34209
34213
34225
34228
34234
34237
34241
34242
34249
34253
34254
34258
34265
34272
34280
34290
34291
34295
34304
34306
34311
34313
34323
34326
34332
34341
34343
34349
34356
34357
34362
34363
34364
34391
34394
34399
34406
34410
34415
34432
34438
34442
34444
34446
34447
34458
34459
34477
34480
34484
34496
34504
34506
34521
34529
34538
34542
34543
34548
34549
34553
34554
34567
34569
34571
34574
34583
34584
34588
34593
34602
34634
34635
34637
34639
34641
34646
34667
34673
34679
34688
34689
34690
34704
34717
34719
34722
34723
34724
34738
34745
34773
34778
34782
34799
34803
34807
34813
34819
34837
34839
34840
34841
34847
34851
34854
34855
34859
34868
34869
34872
34882
34883
34893
34901
34936
34939
34949
34954
34962
34969
34970
34979
34982
34984
34988
34990
34991
35000
35003
35006
35026
35029
35033
35043
35044
35047
35048
35050
35055
35058
35059
35062
35076
35083
35090
35095
35102
35105
35106
35107
35114
35116
35121
35135
35136
35143
35161
35163
35164
35166
35173
35175
35177
35185
35194
35209
35210
35221
35231
35232
35238
35239
35240
35244
35245
35249
35256
35262
35270
35272
35275
35276
35281
35283
35287
35288
35295
35296
35305
35311
35313
35314
35315
35318
35333
35342
35349
35368
35369
35375
35381
35388
35396
35418
35421
35435
35437
35449
35451
35454
35465
35466
35471
35472
35474
35481
35485
35486
35491
35493
35503
35521
35544
35560
35570
35590
35596
35598
35604
35605
35626
35628
35629
35633
35634
35636
35641
35647
35661
35664
35665
35684
35689
35690
35699
35704
35712
35715
35717
35726
35733
35749
35762
35766
35770
35772
35775
35791
35798
35825
35828
35833
35839
35845
35846
35848
35853
35856
35862
35869
35870
35872
35873
35899
35905
35909
35920
35924
35928
35941
35952
35953
35973
35990
35999
36000
36005
36011
36013
36015
36023
36026
36028
36029
36035
36041
36056
36062
36068
36071
36072
36074
36088
36093
36094
36095
36097
36099
36101
36102
36104
36107
36113
36122
36124
36127
36132
36157
36158
36161
36168
36181
36191
36203
36206
36213
36214
36218
36222
36224
36245
36258
36278
36290
36295
36304
36311
36317
36318
36330
36353
36356
36363
36369
36376
36388
36407
36415
36418
36431
36437
36454
36457
36461
36466
36474
36481
36484
36489
36494
36495
36497
36509
36520
36529
36535
36538
36543
36547
36549
36555
36556
36558
36559
36573
36575
36576
36588
36591
36594
36600
36621
36625
36626
36631
36634
36641
36648
36653
36659
36670
36671
36676
36681
36685
36689
36698
36699
36702
36703
36718
36719
36720
36722
36727
36733
36734
36735
36739
36744
36745
36749
36751
36753
36768
36770
36771
36774
36794
36797
36810
36811
36813
36831
36846
36847
36854
36855
36856
36862
36876
36878
36884
36888
36898
36899
36909
36917
36923
36924
36926
36928
36934
36942
36950
36951
36952
36961
36965
36966
36972
36973
36975
36986
36988
36990
36993
36995
36997
37002
37010
37011
37019
37021
37032
37036
37049
37059
37063
37064
37069
37076
37078
37093
37094
37102
37110
37114
37115
37130
37134
37135
37141
37144
37150
37165
37182
37186
37187
37190
37199
37202
37211
37216
37219
37231
37237
37244
37266
37268
37274
37279
37280
37289
37290
37294
37296
37313
37321
37323
37326
37327
37329
37332
37335
37338
37345
37349
37356
37364
37368
37374
37385
37400
37415
37416
37421
37422
37426
37427
37429
37430
37442
37452
37455
37456
37457
37474
37477
37493
37501
37506
37507
37512
37513
37514
37526
37530
37539
37541
37544
37546
37553
37559
37562
37564
37566
37572
37579
37589
37595
37596
37602
37603
37606
37618
37622
37636
37638
37640
37641
37656
37670
37675
37679
37680
37686
37691
37701
37708
37710
37711
37718
37728
37729
37731
37754
37759
37763
37765
37773
37779
37784
37787
37788
37792
37794
37812
37829
37849
37852
37856
37870
37877
37886
37891
37903
37908
37926
37933
37936
37937
37938
37950
37951
37966
37975
37981
37988
37994
38008
38014
38031
38038
38039
38055
38061
38064
38066
38074
38080
38084
38104
38105
38108
38136
38155
38156
38165
38167
38173
38178
38182
38183
38198
38199
38204
38208
38213
38214
38223
38232
38243
38245
38250
38262
38266
38271
38273
38274
38276
38281
38283
38289
38302
38305
38309
38316
38336
38339
38361
38378
38382
38383
38387
38388
38394
38404
38407
38411
38415
38421
38441
38442
38446
38448
38456
38461
38464
38467
38472
38475
38477
38479
38484
38485
38496
38515
38518
38535
38537
38554
38568
38587
38588
38594
38601
38604
38609
38610
38611
38613
38614
38622
38631
38641
38645
38654
38664
38665
38669
38680
38682
38687
38699
38702
38706
38709
38719
38726
38728
38735
38741
38742
38754
38755
38765
38766
38774
38779
38786
38791
38793
38794
38804
38808
38810
38830
38831
38834
38837
38843
38845
38862
38869
38870
38872
38879
38882
38885
38892
38895
38897
38898
38904
38910
38924
38928
38933
38938
38943
38948
38951
38953
38958
38963
38966
38979
38982
38986
38989
39003
39007
39008
39009
39012
39013
39014
39021
39023
39029
39039
39044
39047
39051
39062
39075
39077
39079
39090
39097
39098
39114
39118
39124
39125
39131
39137
39146
39160
39167
39168
39170
39175
39187
39198
39202
39215
39222
39223
39224
39229
39230
39235
39242
39249
39253
39254
39266
39268
39271
39275
39278
39279
39282
39292
39293
39298
39299
39305
39311
39319
39329
39330
39335
39338
39359
39364
39371
39372
39398
39399
39404
39406
39407
39408
39427
39428
39429
39434
39441
39442
39453
39454
39457
39459
39462
39463
39464
39471
39472
39478
39487
39488
39489
39493
39494
39499
39501
39505
39506
39508
39510
39520
39521
39543
39545
39549
39556
39561
39565
39573
39575
39588
39594
39600
39601
39608
39617
39621
39634
39637
39639
39658
39662
39667
39668
39673
39691
39693
39701
39702
39708
39714
39720
39725
39727
39730
39734
39736
39753
39763
39767
39769
39776
39782
39792
39794
39796
39808
39810
39813
39821
39822
39823
39828
39831
39833
39836
39838
39841
39851
39866
39874
39875
39879
39881
39888
39893
39899
39904
39909
39917
39919
39924
39930
39935
39937
39951
39954
39962
39975
39976
39983
39989
39990
39997
39999
40013
40021
40023
40026
40046
40049
40050
40054
40056
40067
40075
40082
40083
40085
40088
40091
40093
40095
40103
40110
40117
40124
40134
40135
40141
40153
40155
40159
40161
40162
40171
40181
40195
40205
40209
40215
40217
40229
40236
40249
40250
40264
40266
40276
40278
40284
40286
40291
40314
40315
40325
40326
40328
40329
40338
40348
40351
40355
40358
40359
40363
40374
40379
40382
40384
40388
40394
40399
40409
40415
40419
40422
40426
40427
40435
40436
40441
40450
40451
40452
40455
40457
40476
40491
40511
40514
40515
40516
40517
40526
40529
40537
40568
40570
40578
40606
40613
40615
40616
40619
40628
40633
40634
40638
40640
40644
40646
40649
40650
40659
40671
40676
40679
40681
40687
40693
40699
40701
40702
40704
40747
40751
40752
40758
40760
40773
40778
40781
40782
40788
40793
40807
40810
40816
40843
40847
40848
40858
40862
40871
40874
40877
40884
40890
40894
40897
40899
40903
40908
40909
40919
40920
40923
40924
40937
40941
40946
40949
40950
40953
40954
40959
40960
40970
40991
40992
41011
41017
41030
41036
41038
41040
41045
41065
41068
41070
41071
41073
41077
41084
41091
41094
41103
41105
41106
41110
41111
41121
41131
41133
41135
41136
41143
41147
41160
41164
41176
41185
41190
41195
41199
41214
41222
41223
41229
41241
41249
41253
41256
41267
41281
41282
41285
41292
41294
41306
41310
41311
41314
41318
41328
41329
41342
41343
41345
41347
41358
41361
41370
41371
41375
41377
41381
41388
41406
41412
41418
41425
41426
41428
41431
41433
41450
41459
41472
41475
41481
41484
41488
41493
41497
41498
41502
41509
41511
41516
41522
41525
41529
41531
41536
41537
41545
41549
41553
41556
41560
41564
41566
41574
41575
41581
41588
41603
41605
41606
41617
41629
41639
41654
41674
41679
41681
41682
41691
41703
41718
41721
41733
41735
41737
41758
41762
41765
41766
41776
41783
41786
41789
41790
41793
41794
41802
41810
41813
41815
41818
41823
41844
41846
41855
41856
41862
41880
41882
41889
41895
41898
41904
41905
41911
41917
41918
41921
41923
41931
41942
41947
41949
41956
41959
41963
41969
41970
41974
41976
41992
42000
42006
42008
42024
42028
42029
42049
42050
42065
42069
42070
42072
42074
42076
42077
42079
42082
42101
42107
42109
42110
42113
42115
42127
42133
42136
42138
42143
42148
42150
42159
42168
42172
42182
42183
42201
42206
42209
42215
42240
42242
42243
42244
42247
42250
42252
42256
42258
42271
42275
42284
42292
42293
42303
42315
42329
42330
42331
42333
42341
42342
42348
42351
42354
42358
42359
42365
42366
42383
42385
42389
42410
42424
42425
42426
42428
42441
42442
42472
42473
42474
42478
42486
42488
42492
42493
42513
42514
42516
42521
42530
42531
42535
42565
42566
42569
42570
42606
42614
42619
42622
42626
42629
42637
42641
42642
42643
42644
42646
42653
42662
42666
42671
42680
42682
42688
42693
42697
42702
42712
42719
42720
42723
42726
42731
42732
42743
42745
42746
42753
42755
42769
42771
42786
42791
42798
42799
42801
42802
42805
42813
42817
42829
42832
42841
42843
42854
42857
42870
42874
42879
42882
42894
42895
42903
42929
42934
42935
42937
42953
42955
42956
42961
42966
42967
42971
42975
42982
42984
42997
43001
43003
43004
43007
43014
43015
43033
43034
43035
43036
43053
43059
43061
43062
43064
43067
43069
43072
43082
43084
43087
43093
43098
43104
43118
43126
43127
43130
43135
43139
43157
43162
43173
43188
43190
43193
43196
43198
43203
43218
43223
43226
43237
43241
43253
43264
43271
43278
43297
43307
43308
43313
43325
43341
43349
43356
43372
43375
43379
43382
43385
43388
43391
43394
43406
43413
43417
43434
43435
43438
43450
43455
43458
43473
43474
43477
43478
43484
43488
43490
43516
43517
43526
43529
43538
43544
43558
43559
43560
43562
43582
43584
43598
43614
43615
43622
43630
43631
43634
43641
43653
43654
43655
43656
43657
43658
43662
43674
43676
43682
43692
43701
43705
43709
43717
43718
43723
43734
43741
43757
43765
43771
43774
43778
43793
43804
43815
43830
43831
43833
43850
43854
43862
43863
43868
43869
43870
43877
43879
43890
43891
43898
43903
43914
43919
43927
43936
43943
43945
43946
43951
43955
43956
43957
43969
43976
43992
43998
44006
44024
44034
44044
44063
44082
44084
44107
44112
44115
44123
44125
44130
44131
44136
44137
44138
44141
44142
44150
44151
44164
44167
44169
44174
44175
44188
44203
44208
44214
44215
44223
44226
44231
44242
44245
44257
44259
44271
44272
44273
44275
44285
44296
44318
44323
44324
44330
44335
44338
44376
44382
44386
44387
44389
44390
44401
44409
44416
44418
44422
44429
44436
44439
44442
44451
44455
44461
44462
44476
44478
44489
44494
44497
44499
44515
44526
44529
44530
44538
44541
44543
44548
44550
44555
44560
44567
44570
44582
44583
44589
44590
44592
44594
44598
44606
44609
44610
44621
44629
44635
44642
44653
44662
44664
44668
44673
44674
44675
44681
44689
44704
44719
44721
44724
44733
44734
44737
44741
44760
44763
44764
44765
44766
44773
44775
44781
44782
44784
44786
44790
44791
44797
44802
44809
44810
44827
44832
44838
44841
44845
44857
44871
44872
44880
44883
44884
44885
44886
44888
44893
44906
44909
44917
44919
44920
44931
44934
44941
44955
44956
44964
44969
44975
44977
44990
45000
45001
45005
45007
45013
45015
45025
45031
45033
45036
45038
45049
45055
45063
45064
45065
45071
45080
45084
45085
45089
45093
45101
45110
45111
45113
45127
45132
45151
45155
45166
45167
45168
45170
45176
45187
45189
45204
45206
45211
45219
45242
45250
45254
45258
45263
45282
45286
45287
45291
45293
45306
45314
45321
45322
45329
45344
45349
45350
45354
45362
45374
45375
45377
45398
45399
45403
45407
45408
45421
45425
45439
45440
45443
45445
45453
45458
45459
45463
45469
45471
45481
45484
45486
45487
45491
45495
45502
45509
45513
45517
45529
45533
45535
45547
45551
45556
45557
45559
45561
45583
45592
45594
45598
45601
45604
45607
45609
45611
45630
45634
45636
45640
45642
45649
45662
45663
45667
45670
45682
45684
45685
45689
45690
45697
45703
45710
45729
45734
45735
45750
45756
45767
45770
45772
45773
45778
45781
45790
45797
45803
45811
45813
45822
45824
45830
45841
45842
45846
45848
45850
45866
45879
45881
45883
45891
45893
45895
45903
45908
45926
45929
45934
45937
45942
45943
45944
45947
45958
45961
45963
45970
45973
45974
45978
45990
45991
45994
46001
46002
46009
46010
46014
46032
46037
46038
46040
46042
46061
46079
46094
46098
46103
46104
46113
46117
46128
46133
46146
46147
46165
46173
46194
46205
46206
46209
46212
46223
46224
46229
46230
46233
46237
46239
46240
46242
46249
46258
46268
46273
46276
46282
46288
46290
46291
46301
46309
46312
46316
46322
46328
46339
46343
46357
46359
46360
46362
46368
46370
46383
46388
46389
46390
46393
46396
46399
46400
46410
46413
46416
46422
46428
46433
46436
46439
46451
46456
46457
46458
46468
46469
46473
46474
46477
46481
46487
46496
46503
46509
46513
46519
46521
46526
46539
46551
46560
46561
46566
46571
46575
46576
46581
46586
46595
46598
46614
46623
46625
46629
46635
46638
46639
46641
46648
46654
46655
46658
46661
46672
46673
46675
46685
46697
46699
46711
46717
46718
46721
46723
46729
46730
46733
46735
46741
46750
46753
46762
46766
46773
46781
46783
46784
46788
46792
46799
46803
46814
46829
46833
46835
46853
46859
46862
46870
46875
46877
46879
46886
46888
46893
46898
46903
46915
46927
46932
46934
46941
46955
46956
46962
46970
46972
46974
46993
46997
47000
47001
47002
47013
47014
47016
47017
47023
47036
47046
47054
47057
47065
47078
47080
47089
47099
47103
47104
47108
47113
47115
47126
47133
47141
47150
47153
47159
47168
47186
47194
47211
47221
47223
47226
47233
47241
47243
47244
47245
47246
47248
47249
47251
47254
47256
47257
47259
47282
47284
47298
47304
47316
47322
47327
47335
47338
47342
47343
47347
47357
47359
47368
47381
47383
47414
47419
47423
47437
47441
47453
47463
47464
47470
47483
47486
47490
47493
47497
47502
47509
47510
47529
47538
47548
47549
47557
47558
47562
47563
47564
47572
47586
47591
47597
47598
47599
47610
47617
47619
47622
47631
47634
47640
47644
47648
47657
47670
47676
47694
47698
47712
47714
47715
47717
47725
47726
47739
47741
47742
47749
47753
47756
47784
47790
47800
47807
47819
47826
47837
47841
47846
47853
47855
47856
47857
47858
47863
47868
47873
47881
47886
47896
47898
47908
47917
47922
47923
47932
47941
47948
47955
47960
47965
47971
47974
47976
47987
47989
47993
48011
48017
48021
48033
48035
48043
48044
48049
48051
48061
48071
48077
48079
48084
48085
48086
48104
48113
48114
48118
48121
48123
48125
48126
48130
48137
48138
48141
48157
48163
48167
48169
48184
48190
48195
48197
48205
48233
48241
48251
48252
48262
48264
48266
48269
48298
48317
48325
48336
48337
48342
48348
48349
48350
48361
48364
48367
48369
48376
48379
48381
48382
48386
48390
48403
48404
48416
48443
48445
48450
48453
48454
48470
48472
48478
48479
48481
48486
48492
48494
48499
48501
48518
48519
48530
48546
48549
48553
48555
48559
48571
48577
48596
48599
48602
48603
48607
48608
48622
48633
48634
48651
48653
48664
48665
48668
48681
48691
48695
48697
48701
48708
48710
48714
48723
48736
48739
48741
48782
48783
48785
48786
48795
48805
48808
48811
48817
48823
48833
48834
48842
48845
48849
48868
48869
48877
48879
48880
48888
48890
48895
48896
48905
48906
48907
48911
48922
48931
48937
48941
48942
48943
48950
48954
48959
48962
48966
48967
48968
48974
48977
48979
48983
48997
49002
49004
49026
49030
49037
49041
49049
49053
49056
49062
49071
49075
49080
49081
49089
49093
49103
49109
49110
49126
49130
49132
49134
49143
49156
49160
49162
49165
49166
49168
49181
49188
49192
49194
49199
49205
49206
49210
49211
49214
49226
49228
49234
49239
49248
49259
49265
49269
49278
49285
49286
49296
49303
49323
49325
49341
49343
49348
49361
49374
49375
49376
49383
49386
49391
49417
49418
49419
49421
49439
49441
49442
49455
49461
49463
49464
49477
49483
49484
49486
49490
49505
49507
49513
49522
49523
49526
49533
49536
49537
49539
49544
49550
49551
49553
49561
49562
49567
49589
49597
49600
49601
49604
49608
49634
49636
49637
49655
49663
49664
49672
49676
49685
49689
49693
49698
49699
49713
49721
49723
49727
49731
49735
49750
49757
49763
49764
49782
49786
49790
49793
49794
49800
49801
49803
49804
49818
49823
49837
49838
49842
49850
49863
49871
49873
49876
49878
49879
49880
49884
49885
49927
49928
49931
49939
49950
49953
49960
49961
49975
49984
49986
49987
49994
49999
50002
50016
50017
50018
50032
50033
50041
50046
50051
50054
50066
50073
50087
50088
50090
50092
50105
50110
50112
50114
50115
50124
50135
50148
50154
50165
50169
50183
50185
50186
50191
50197
50212
50213
50233
50234
50237
50248
50264
50272
50294
50298
50316
50320
50327
50342
50344
50356
50362
50366
50376
50406
50414
50419
50428
50429
50434
50439
50458
50468
50470
50477
50478
50491
50494
50495
50507
50515
50521
50526
50529
50530
50531
50534
50538
50543
50562
50563
50569
50582
50591
50599
50606
50608
50611
50614
50615
50616
50618
50624
50633
50638
50639
50640
50645
50650
50654
50655
50680
50690
50699
50707
50712
50731
50736
50737
50741
50743
50746
50751
50762
50772
50790
50793
50797
50798
50808
50821
50827
50829
50830
50831
50835
50846
50851
50868
50869
50876
50885
50886
50887
50889
50890
50895
50896
50897
50910
50924
50938
50941
50942
50945
50946
50947
50951
50953
50954
50962
50964
50965
50973
50976
50981
50983
50988
50996
51001
51007
51012
51013
51019
51030
51054
51061
51063
51069
51075
51085
51089
51091
51095
51097
51118
51119
51122
51132
51137
51144
51150
51151
51154
51167
51175
51176
51179
51185
51186
51209
51227
51228
51229
51231
51240
51245
51247
51258
51261
51264
51265
51278
51279
51290
51292
51298
51303
51311
51315
51318
51319
51320
51321
51328
51331
51350
51367
51368
51370
51390
51394
51410
51414
51422
51423
51427
51429
51437
51445
51449
51456
51458
51467
51476
51482
51489
51491
51501
51506
51509
51518
51523
51532
51533
51541
51545
51548
51550
51553
51557
51558
51568
51574
51577
51583
51594
51605
51606
51629
51635
51637
51640
51646
51654
51666
51674
51675
51677
51678
51689
51701
51710
51713
51723
51727
51729
51730
51735
51739
51746
51760
51762
51763
51773
51776
51781
51786
51793
51796
51798
51800
51802
51822
51839
51840
51847
51849
51851
51852
51853
51865
51866
51871
51877
51878
51881
51883
51889
51891
51899
51901
51903
51915
51918
51929
51934
51935
51939
51948
51949
51955
51959
51983
51990
52001
52004
52007
52009
52014
52018
52033
52036
52039
52070
52072
52075
52081
52104
52109
52111
52116
52119
52127
52133
52141
52144
52150
52160
52162
52188
52199
52207
52212
52216
52222
52228
52230
52231
52233
52234
52239
52261
52264
52266
52267
52274
52285
52288
52294
52299
52306
52321
52323
52325
52326
52327
52329
52330
52333
52343
52349
52358
52363
52367
52379
52381
52396
52405
52423
52424
52434
52436
52441
52442
52447
52455
52458
52469
52488
52495
52502
52505
52521
52526
52531
52537
52538
52542
52559
52561
52565
52566
52579
52590
52599
52602
52613
52614
52629
52635
52638
52653
52662
52667
52675
52683
52687
52702
52703
52716
52722
52724
52728
52743
52751
52760
52762
52764
52766
52769
52774
52783
52789
52790
52799
52801
52806
52809
52810
52811
52823
52825
52828
52837
52840
52849
52850
52851
52859
52868
52874
52876
52890
52891
52899
52904
52909
52911
52914
52925
52926
52935
52944
52945
52956
52957
52969
52970
52978
52984
52985
52989
52993
52995
52998
53003
53008
53009
53014
53015
53022
53023
53028
53042
53050
53053
53058
53073
53080
53082
53086
53091
53095
53107
53117
53118
53121
53129
53133
53139
53148
53153
53156
53159
53161
53162
53167
53178
53179
53190
53191
53197
53198
53199
53202
53206
53215
53216
53222
53224
53225
53227
53233
53239
53241
53242
53251
53253
53257
53258
53262
53263
53274
53278
53283
53304
53308
53313
53315
53321
53338
53339
53344
53345
53378
53387
53389
53394
53399
53401
53419
53422
53423
53425
53426
53431
53433
53436
53439
53444
53446
53449
53452
53458
53465
53468
53472
53476
53481
53483
53484
53490
53493
53496
53514
53518
53519
53526
53528
53546
53562
53571
53574
53586
53588
53601
53602
53613
53615
53624
53638
53645
53647
53649
53676
53683
53687
53691
53692
53695
53696
53702
53707
53710
53711
53712
53719
53723
53724
53725
53726
53729
53735
53736
53749
53750
53751
53754
53756
53762
53770
53776
53778
53783
53806
53808
53812
53821
53823
53828
53835
53838
53854
53857
53872
53873
53885
53893
53895
53899
53908
53917
53921
53923
53928
53933
53942
53943
53962
53963
53977
53978
53979
53991
53993
53994
54008
54013
54015
54021
54025
54034
54037
54041
54047
54048
54055
54064
54070
54077
54079
54080
54089
54091
54093
54097
54113
54114
54132
54133
54136
54146
54158
54159
54169
54170
54171
54172
54202
54206
54209
54214
54217
54218
54228
54229
54231
54232
54243
54244
54245
54253
54254
54257
54270
54289
54291
54301
54308
54309
54311
54318
54321
54346
54351
54355
54358
54367
54376
54383
54391
54394
54397
54401
54407
54418
54424
54430
54435
54441
54444
54449
54461
54462
54463
54482
54485
54489
54506
54511
54517
54531
54533
54534
54535
54539
54541
54542
54553
54558
54560
54566
54574
54577
54578
54584
54587
54593
54607
54609
54610
54614
54617
54626
54640
54646
54647
54648
54651
54656
54663
54666
54673
54678
54696
54698
54709
54710
54712
54714
54720
54722
54735
54736
54743
54744
54762
54763
54764
54767
54770
54771
54772
54776
54778
54783
54790
54795
54808
54809
54810
54813
54815
54816
54829
54830
54845
54849
54852
54854
54863
54864
54869
54870
54876
54878
54881
54883
54889
54895
54906
54924
54929
54931
54943
54964
54966
54970
54971
54977
54979
54983
54986
54991
54993
54994
54996
55000
55004
55006
55009
55019
55022
55033
55034
55038
55044
55045
55046
55057
55067
55069
55086
55103
55106
55114
55121
55123
55132
55133
55139
55143
55147
55150
55155
55165
55177
55178
55179
55183
55202
55215
55218
55219
55231
55233
55236
55242
55243
55253
55258
55259
55273
55281
55282
55286
55291
55298
55304
55307
55331
55333
55341
55344
55348
55351
55357
55367
55385
55398
55410
55413
55423
55426
55434
55436
55441
55445
55455
55463
55473
55489
55494
55503
55505
55517
55528
55541
55556
55578
55581
55582
55589
55591
55596
55597
55609
55611
55622
55627
55639
55646
55658
55668
55670
55671
55681
55682
55684
55686
55688
55697
55698
55699
55706
55708
55710
55711
55714
55717
55726
55727
55729
55733
55735
55750
55752
55755
55757
55759
55776
55779
55782
55786
55792
55807
55811
55822
55824
55826
55830
55835
55837
55849
55858
55859
55861
55862
55864
55870
55873
55874
55885
55889
55891
55901
55920
55922
55925
55927
55934
55935
55938
55956
55968
55972
55973
55989
55997
55999
56000
56021
56023
56031
56039
56041
56042
56045
56049
56051
56064
56070
56078
56089
56099
56101
56107
56110
56115
56118
56124
56125
56129
56136
56148
56149
56159
56162
56163
56165
56183
56190
56201
56202
56212
56222
56223
56225
56231
56232
56255
56266
56267
56268
56275
56281
56282
56289
56293
56296
56301
56303
56311
56341
56342
56363
56369
56373
56381
56389
56396
56399
56406
56419
56421
56426
56429
56436
56440
56441
56447
56448
56455
56464
56471
56476
56480
56486
56499
56501
56502
56507
56508
56509
56511
56512
56518
56532
56535
56541
56545
56549
56550
56551
56554
56558
56567
56569
56572
56573
56583
56589
56593
56597
56598
56603
56610
56629
56654
56656
56665
56693
56702
56717
56724
56725
56731
56733
56736
56744
56758
56759
56766
56768
56770
56773
56789
56793
56794
56800
56824
56827
56829
56831
56832
56849
56850
56857
56861
56864
56869
56870
56888
56891
56901
56917
56921
56935
56936
56942
56944
56947
56948
56950
56961
56970
56971
56974
56975
56979
56982
56988
56991
56993
56999
57011
57015
57022
57025
57031
57036
57043
57047
57055
57056
57062
57066
57074
57079
57090
57095
57098
57108
57113
57115
57122
57127
57129
57138
57139
57141
57159
57166
57169
57176
57179
57182
57185
57188
57189
57191
57219
57230
57233
57235
57247
57262
57264
57278
57288
57295
57306
57311
57314
57315
57317
57333
57334
57346
57347
57350
57353
57370
57371
57374
57375
57377
57398
57412
57415
57421
57423
57428
57453
57457
57468
57473
57476
57486
57495
57497
57501
57514
57515
57520
57522
57528
57529
57542
57551
57558
57563
57570
57575
57586
57587
57589
57592
57603
57605
57608
57622
57629
57630
57636
57643
57644
57648
57649
57659
57704
57706
57710
57711
57713
57720
57729
57739
57746
57751
57753
57758
57774
57785
57787
57793
57798
57799
57805
57808
57809
57814
57816
57819
57828
57854
57871
57878
57882
57884
57891
57904
57913
57921
57924
57925
57931
57933
57935
57937
57938
57946
57949
57954
57958
57969
57986
57993
57994
57998
58010
58013
58019
58023
58034
58039
58040
58046
58049
58068
58069
58075
58076
58093
58110
58113
58116
58118
58124
58130
58132
58143
58145
58147
58157
58161
58174
58178
58181
58182
58194
58199
58200
58205
58206
58218
58231
58242
58247
58255
58268
58279
58283
58293
58310
58313
58319
58320
58321
58327
58337
58339
58343
58344
58349
58373
58374
58376
58379
58386
58399
58410
58428
58436
58443
58449
58454
58455
58458
58459
58462
58465
58480
58489
58494
58509
58511
58512
58521
58525
58526
58529
58533
58539
58542
58548
58552
58558
58562
58565
58571
58579
58581
58591
58593
58597
58604
58607
58610
58616
58621
58635
58644
58656
58661
58687
58691
58692
58697
58701
58708
58716
58717
58718
58719
58731
58733
58747
58748
58753
58765
58773
58775
58791
58793
58794
58796
58806
58808
58813
58814
58815
58819
58833
58840
58842
58849
58852
58856
58859
58861
58871
58882
58894
58901
58907
58911
58916
58930
58931
58937
58946
58951
58955
58958
58961
58963
58974
58983
58987
58988
58991
58993
58994
58995
58996
59000
59013
59015
59026
59029
59034
59048
59053
59057
59062
59073
59076
59078
59081
59092
59099
59102
59115
59118
59126
59130
59134
59155
59156
59166
59167
59173
59182
59185
59186
59209
59210
59223
59229
59231
59232
59234
59242
59246
59253
59255
59261
59262
59263
59269
59272
59276
59284
59292
59294
59295
59301
59313
59326
59328
59342
59346
59350
59355
59362
59363
59378
59387
59395
59398
59412
59424
59429
59435
59442
59469
59473
59475
59478
59488
59497
59498
59501
59503
59515
59533
59542
59553
59558
59560
59568
59569
59570
59572
59583
59587
59593
59594
59596
59606
59608
59615
59627
59628
59629
59631
59633
59635
59643
59664
59666
59670
59681
59683
59689
59690
59695
59699
59704
59708
59717
59722
59725
59735
59739
59741
59752
59755
59758
59759
59766
59767
59769
59776
59778
59779
59790
59791
59794
59804
59815
59826
59831
59832
59833
59834
59838
59845
59848
59857
59858
59859
59866
59882
59884
59890
59892
59901
59903
59905
59910
59913
59921
59924
59933
59936
59945
59949
59956
59960
59978
59988
59991
59992
4105*17^n-9
10514
10518
10519
10520
10523
10524
10530
10541
10544
10546
10551
10569
10582
10603
10607
10614
10622
10629
10642
10645
10654
10658
10692
10701
10704
10722
10728
10745
10748
10757
10763
10765
10770
10774
10782
10783
10784
10796
10800
10804
10806
10812
10828
10829
10834
10843
10846
10847
10865
10866
10876
10878
10881
10883
10884
10889
10890
10903
10904
10912
10918
10919
10925
10933
10951
10956
10961
10964
10980
10981
10984
10987
10990
10996
10999
11007
11008
11010
11018
11022
11023
11028
11036
11040
11047
11057
11058
11069
11070
11078
11087
11092
11094
11102
11111
11116
11118
11124
11127
11144
11149
11156
11159
11169
11170
11173
11181
11184
11185
11186
11192
11201
11208
11210
11218
11232
11234
11238
11243
11248
11258
11260
11263
11264
11266
11269
11272
11274
11278
11279
11288
11302
11303
11310
11318
11321
11326
11334
11344
11348
11350
11354
11356
11386
11387
11394
11396
11400
11412
11415
11422
11426
11443
11444
11447
11448
11450
11469
11477
11478
11479
11487
11490
11502
11515
11518
11519
11525
11526
11532
11537
11538
11539
11540
11546
11549
11550
11555
11558
11562
11566
11577
11578
11581
11608
11628
11650
11663
11669
11672
11674
11689
11694
11699
11700
11707
11710
11713
11714
11721
11734
11744
11748
11750
11755
11764
11775
11778
11781
11789
11802
11838
11860
11863
11867
11868
11869
11879
11882
11887
11893
11897
11898
11906
11908
11911
11916
11920
11926
11929
11932
11942
11953
11960
11961
11980
11983
11989
11990
11996
12002
12009
12015
12025
12026
12032
12034
12036
12040
12053
12078
12088
12103
12108
12113
12114
12117
12118
12130
12141
12143
12150
12156
12158
12174
12179
12181
12198
12220
12226
12227
12228
12229
12239
12244
12246
12247
12250
12251
12253
12258
12261
12262
12265
12278
12283
12294
12300
12301
12310
12317
12320
12324
12338
12342
12343
12346
12347
12359
12366
12375
12377
12378
12384
12385
12390
12405
12406
12421
12427
12433
12444
12447
12449
12467
12469
12470
12474
12476
12478
12501
12504
12505
12512
12515
12516
12528
12534
12559
12582
12584
12591
12592
12599
12600
12604
12605
12607
12613
12623
12631
12632
12640
12641
12657
12668
12672
12674
12677
12683
12685
12691
12703
12710
12720
12724
12728
12732
12739
12748
12749
12751
12754
12758
12764
12775
12787
12790
12796
12798
12802
12803
12825
12826
12827
12829
12839
12841
12854
12862
12868
12869
12875
12876
12894
12904
12909
12910
12919
12927
12928
12932
12938
12951
12961
12962
12968
12985
13004
13006
13009
13019
13020
13021
13030
13041
13044
13048
13049
13052
13055
13073
13075
13076
13081
13082
13089
13104
13105
13109
13116
13122
13126
13133
13134
13138
13140
13144
13145
13149
13150
13153
13162
13169
13171
13175
13187
13189
13193
13206
13211
13213
13224
13241
13250
13254
13257
13258
13270
13280
13283
13285
13291
13301
13305
13307
13309
13312
13316
13319
13328
13334
13339
13341
13342
13352
13359
13366
13368
13372
13379
13382
13396
13400
13404
13410
13414
13423
13426
13429
13434
13445
13446
13457
13484
13492
13494
13500
13504
13510
13525
13526
13529
13544
13554
13557
13574
13579
13590
13599
13607
13610
13617
13618
13624
13626
13638
13642
13645
13648
13668
13673
13676
13678
13680
13692
13720
13724
13733
13739
13741
13746
13772
13778
13780
13781
13784
13790
13794
13795
13799
13804
13805
13809
13813
13824
13825
13835
13836
13846
13853
13854
13862
13870
13877
13879
13880
13881
13882
13884
13892
13894
13898
13900
13910
13916
13919
13920
13931
13939
13940
13941
13943
13944
13950
13958
13961
13966
13970
13975
13977
13978
13986
13997
14010
14018
14020
14026
14040
14045
14061
14064
14068
14071
14084
14092
14106
14108
14114
14121
14132
14138
14149
14154
14159
14171
14190
14194
14195
14196
14200
14207
14210
14214
14224
14229
14234
14240
14241
14242
14245
14249
14254
14264
14266
14267
14268
14273
14274
14286
14314
14321
14324
14334
14335
14349
14354
14358
14362
14374
14382
14386
14388
14391
14398
14399
14400
14402
14409
14412
14413
14425
14434
14438
14448
14449
14455
14461
14472
14482
14491
14492
14494
14508
14516
14520
14524
14526
14529
14535
14540
14544
14550
14566
14569
14592
14593
14598
14602
14611
14621
14622
14633
14634
14635
14637
14639
14646
14651
14662
14663
14676
14682
14683
14699
14710
14713
14723
14728
14743
14747
14754
14755
14778
14779
14780
14782
14784
14786
14788
14790
14796
14804
14824
14827
14828
14831
14834
14838
14840
14845
14854
14862
14866
14890
14893
14903
14904
14912
14918
14929
14963
14966
14978
14981
14985
14986
14987
14992
14997
15000
15004
15018
15029
15030
15034
15046
15062
15066
15068
15074
15084
15088
15095
15111
15112
15113
15118
15125
15129
15133
15140
15144
15164
15168
15169
15170
15180
15184
15188
15196
15199
15200
15205
15211
15214
15223
15226
15231
15252
15275
15276
15289
15290
15298
15302
15304
15311
15312
15317
15318
15330
15332
15343
15345
15356
15361
15370
15373
15375
15381
15388
15391
15392
15395
15396
15398
15421
15448
15451
15452
15463
15476
15481
15485
15498
15501
15502
15509
15511
15519
15521
15525
15537
15541
15551
15552
15561
15578
15582
15594
15595
15598
15607
15614
15620
15622
15624
15634
15645
15653
15658
15677
15679
15687
15691
15692
15706
15712
15713
15715
15742
15759
15760
15764
15766
15778
15788
15789
15790
15804
15808
15823
15831
15833
15835
15846
15853
15865
15870
15875
15882
15884
15889
15894
15901
15911
15912
15940
15941
15944
15948
15967
15968
15989
15991
16004
16019
16022
16032
16039
16044
16070
16086
16093
16102
16124
16152
16156
16162
16164
16169
16181
16183
16184
16191
16199
16206
16209
16211
16214
16224
16228
16232
16243
16244
16247
16249
16255
16279
16285
16289
16291
16300
16307
16312
16316
16318
16320
16321
16322
16324
16337
16343
16344
16346
16354
16362
16380
16385
16389
16391
16394
16396
16400
16408
16411
16426
16428
16429
16432
16434
16435
16445
16448
16459
16469
16474
16476
16483
16487
16495
16502
16510
16518
16538
16549
16555
16567
16569
16571
16573
16583
16584
16586
16590
16613
16617
16618
16619
16638
16639
16644
16648
16662
16669
16674
16676
16686
16692
16706
16711
16715
16723
16724
16732
16740
16741
16757
16760
16767
16780
16783
16794
16804
16807
16810
16812
16817
16819
16821
16823
16824
16829
16846
16847
16850
16855
16858
16860
16871
16878
16883
16912
16915
16916
16920
16927
16929
16930
16932
16951
16952
16963
16973
16980
16988
16997
17001
17002
17008
17009
17012
17014
17028
17036
17037
17039
17048
17051
17053
17055
17074
17075
17076
17081
17095
17101
17104
17113
17116
17122
17127
17131
17140
17141
17149
17150
17160
17186
17194
17206
17207
17212
17219
17227
17231
17232
17233
17234
17242
17252
17260
17263
17264
17265
17266
17268
17273
17274
17276
17278
17280
17298
17309
17314
17316
17324
17326
17327
17334
17346
17350
17369
17372
17375
17387
17396
17407
17424
17431
17435
17442
17443
17447
17452
17464
17467
17476
17479
17485
17492
17494
17498
17503
17505
17507
17512
17519
17521
17530
17532
17534
17546
17564
17580
17587
17589
17600
17602
17605
17608
17609
17610
17614
17629
17635
17638
17641
17646
17647
17649
17653
17659
17663
17690
17692
17698
17704
17705
17706
17722
17730
17741
17750
17759
17762
17764
17770
17778
17794
17798
17820
17830
17833
17838
17840
17848
17881
17882
17886
17887
17890
17897
17902
17906
17918
17934
17940
17956
17959
17960
17969
17982
17994
18008
18012
18028
18034
18040
18045
18052
18065
18066
18067
18077
18079
18080
18081
18082
18089
18090
18091
18094
18102
18115
18124
18125
18127
18133
18135
18138
18149
18150
18154
18172
18178
18179
18186
18189
18193
18201
18203
18207
18209
18210
18215
18218
18227
18228
18229
18230
18236
18257
18263
18270
18271
18275
18294
18297
18304
18308
18309
18311
18312
18319
18322
18323
18325
18335
18340
18342
18343
18348
18353
18359
18370
18371
18403
18404
18406
18413
18418
18422
18434
18438
18445
18449
18458
18461
18463
18466
18475
18479
18491
18494
18498
18506
18508
18515
18534
18539
18541
18548
18566
18567
18568
18571
18574
18583
18586
18608
18630
18631
18648
18658
18662
18664
18668
18669
18679
18682
18692
18694
18703
18704
18706
18712
18713
18716
18721
18724
18725
18730
18732
18739
18740
18749
18750
18751
18754
18755
18759
18765
18790
18805
18811
18823
18826
18829
18838
18840
18842
18859
18863
18875
18878
18884
18886
18908
18912
18924
18938
18955
18959
18964
18967
18972
18980
18988
18990
19001
19006
19007
19008
19015
19021
19030
19036
19038
19039
19044
19047
19050
19051
19073
19074
19084
19091
19094
19098
19103
19119
19120
19132
19138
19148
19163
19164
19165
19168
19181
19195
19199
19206
19209
19212
19217
19220
19224
19232
19236
19244
19258
19261
19262
19264
19267
19270
19274
19278
19282
19286
19287
19294
19300
19304
19312
19313
19320
19325
19326
19330
19338
19340
19343
19358
19360
19369
19373
19390
19394
19407
19411
19414
19423
19427
19428
19430
19432
19445
19450
19451
19459
19461
19462
19471
19474
19476
19480
19488
19489
19501
19511
19513
19516
19520
19524
19530
19546
19558
19561
19578
19592
19600
19601
19605
19606
19613
19626
19628
19636
19642
19648
19650
19655
19662
19664
19676
19684
19687
19692
19701
19705
19710
19715
19721
19728
19746
19756
19772
19774
19780
19783
19795
19798
19805
19809
19810
19812
19813
19817
19822
19826
19830
19836
19841
19853
19864
19877
19885
19888
19890
19891
19901
19903
19913
19915
19920
19921
19929
19931
19944
19951
19964
19965
19966
19969
19972
19989
20010
20012
20018
20026
20036
20050
20051
20059
20068
20070
20071
20072
20074
20076
20086
20087
20106
20111
20126
20128
20134
20143
20158
20161
20172
20173
20179
20186
20191
20200
20220
20221
20230
20231
20234
20239
20242
20243
20251
20254
20263
20264
20266
20268
20277
20288
20298
20308
20318
20320
20322
20333
20338
20342
20345
20347
20350
20358
20378
20380
20383
20386
20397
20407
20410
20419
20435
20444
20450
20464
20473
20477
20478
20487
20494
20495
20501
20503
20506
20512
20524
20525
20527
20528
20530
20533
20540
20545
20546
20551
20565
20569
20574
20578
20584
20587
20596
20603
20612
20618
20634
20638
20655
20662
20670
20671
20674
20682
20683
20699
20700
20701
20706
20714
20720
20732
20734
20742
20747
20760
20761
20781
20784
20786
20794
20795
20799
20820
20824
20842
20845
20855
20861
20864
20865
20866
20871
20874
20886
20887
20888
20894
20897
20898
20906
20909
20910
20914
20922
20923
20933
20935
20940
20950
20961
20963
20966
20969
20975
20984
20987
20993
20995
20998
21000
21005
21009
21013
21018
21036
21041
21045
21055
21068
21071
21072
21076
21085
21088
21094
21101
21102
21106
21110
21115
21117
21118
21119
21126
21128
21132
21142
21150
21151
21154
21162
21163
21168
21172
21184
21197
21199
21205
21210
21223
21224
21225
21236
21240
21244
21246
21247
21249
21260
21263
21266
21268
21276
21278
21280
21294
21301
21306
21314
21318
21332
21334
21344
21349
21356
21360
21371
21382
21394
21396
21400
21403
21404
21414
21425
21430
21432
21437
21446
21450
21451
21454
21469
21472
21484
21486
21487
21492
21494
21505
21506
21524
21537
21539
21557
21563
21574
21578
21583
21587
21588
21591
21594
21606
21607
21612
21620
21629
21636
21640
21645
21652
21654
21670
21671
21672
21674
21681
21685
21688
21694
21703
21724
21726
21731
21748
21750
21751
21763
21766
21778
21782
21787
21790
21793
21800
21804
21807
21820
21821
21823
21824
21826
21829
21833
21845
21846
21847
21852
21853
21875
21888
21890
21898
21924
21927
21929
21938
21950
21951
21952
21953
21956
21969
21980
21983
21984
21989
21994
22003
22006
22010
22021
22024
22026
22033
22034
22041
22046
22054
22058
22061
22071
22072
22076
22079
22084
22097
22111
22115
22126
22127
22135
22148
22150
22151
22152
22154
22157
22159
22161
22168
22172
22180
22182
22192
22194
22198
22204
22207
22218
22219
22223
22226
22229
22230
22235
22236
22249
22252
22261
22268
22272
22278
22284
22291
22295
22306
22310
22315
22316
22329
22343
22350
22358
22365
22366
22368
22370
22374
22380
22381
22384
22385
22390
22399
22401
22410
22415
22426
22434
22442
22444
22448
22449
22454
22457
22459
22462
22466
22484
22486
22489
22498
22506
22510
22519
22527
22531
22535
22556
22557
22575
22589
22592
22595
22598
22606
22609
22610
22619
22621
22626
22634
22650
22652
22654
22660
22669
22672
22685
22693
22708
22724
22725
22726
22738
22739
22747
22754
22759
22760
22761
22762
22765
22769
22774
22778
22780
22781
22789
22796
22801
22807
22808
22818
22823
22830
22834
22840
22847
22849
22853
22855
22858
22864
22884
22890
22892
22895
22907
22913
22919
22930
22931
22934
22942
22944
22946
22948
22951
22959
22960
22962
22964
22968
22974
22986
22989
23009
23011
23014
23015
23020
23023
23029
23033
23034
23038
23040
23045
23047
23049
23052
23058
23062
23069
23078
23080
23081
23084
23092
23093
23097
23098
23106
23119
23128
23132
23144
23151
23156
23168
23198
23200
23202
23215
23219
23221
23226
23231
23232
23245
23254
23258
23263
23284
23285
23291
23304
23308
23316
23322
23330
23333
23334
23346
23347
23359
23363
23364
23367
23374
23382
23386
23387
23390
23394
23400
23414
23420
23422
23428
23439
23447
23448
23455
23460
23467
23470
23480
23491
23498
23510
23516
23517
23555
23561
23572
23578
23591
23592
23600
23603
23604
23605
23609
23614
23620
23622
23624
23628
23636
23638
23641
23646
23650
23661
23663
23682
23683
23700
23701
23706
23707
23710
23713
23740
23744
23745
23754
23760
23762
23764
23769
23794
23799
23800
23814
23838
23844
23850
23861
23862
23867
23876
23877
23879
23886
23892
23902
23904
23910
23912
23920
23932
23938
23939
23948
23949
23950
23957
23958
23959
23978
23980
23982
23986
23996
23997
24006
24018
24020
24038
24039
24040
24049
24058
24061
24064
24068
24078
24084
24085
24089
24090
24094
24120
24122
24124
24129
24132
24141
24144
24150
24152
24154
24158
24170
24181
24186
24187
24191
24193
24204
24208
24209
24210
24224
24228
24229
24232
24237
24241
24244
24247
24250
24252
24266
24274
24276
24282
24290
24320
24325
24326
24341
24345
24358
24361
24367
24371
24381
24382
24391
24395
24402
24404
24406
24407
24414
24415
24427
24430
24437
24438
24450
24454
24463
24471
24474
24480
24487
24489
24498
24500
24518
24521
24523
24527
24533
24537
24541
24546
24554
24557
24559
24560
24565
24566
24568
24570
24591
24592
24599
24628
24634
24647
24661
24664
24673
24680
24682
24683
24701
24704
24706
24707
24708
24715
24721
24722
24730
24734
24740
24752
24755
24767
24768
24777
24779
24789
24798
24802
24804
24807
24811
24822
24833
24835
24839
24842
24858
24862
24869
24897
24898
24902
24906
24910
24916
24922
24923
24926
24932
24940
24943
24944
24946
24978
24979
24980
24991
24994
25012
25013
25019
25027
25030
25038
25039
25043
25044
25048
25077
25084
25090
25095
25097
25106
25110
25118
25122
25141
25142
25144
25153
25158
25163
25165
25168
25172
25195
25199
25201
25209
25231
25235
25248
25250
25259
25266
25270
25272
25274
25276
25279
25281
25285
25290
25304
25313
25322
25324
25330
25332
25338
25339
25340
25360
25379
25391
25396
25400
25401
25404
25405
25406
25415
25422
25427
25428
25430
25434
25439
25447
25457
25458
25462
25463
25464
25466
25484
25489
25504
25507
25508
25522
25527
25531
25540
25544
25553
25555
25561
25564
25569
25572
25573
25578
25590
25592
25595
25602
25606
25610
25621
25624
25634
25650
25674
25680
25681
25686
25687
25718
25720
25721
25722
25729
25734
25744
25761
25766
25768
25770
25784
25787
25790
25813
25824
25825
25828
25832
25834
25840
25842
25854
25886
25888
25905
25906
25911
25914
25918
25924
25931
25932
25948
25949
25951
25955
25963
25967
25968
25974
25979
25982
25985
25990
25992
25999
26003
26006
26008
26012
26028
26032
26038
26041
26046
26048
26051
26062
26064
26074
26075
26076
26081
26089
26092
26094
26100
26105
26109
26112
26114
26117
26125
26130
26131
26134
26143
26145
26150
26159
26190
26194
26203
26215
26221
26237
26243
26247
26249
26254
26260
26265
26266
26280
26288
26289
26319
26324
26325
26328
26332
26362
26368
26375
26383
26398
26405
26406
26418
26422
26455
26472
26492
26495
26498
26501
26502
26503
26504
26506
26507
26518
26521
26526
26534
26538
26541
26543
26550
26562
26572
26573
26575
26581
26584
26591
26594
26597
26598
26602
26611
26620
26628
26633
26635
26639
26661
26664
26675
26676
26680
26685
26687
26688
26689
26698
26710
26711
26714
26716
26718
26726
26742
26744
26756
26768
26777
26784
26789
26794
26818
26820
26828
26831
26837
26850
26851
26860
26869
26870
26872
26878
26882
26891
26895
26898
26906
26909
26919
26920
26924
26930
26934
26935
26937
26941
26942
26944
26945
26956
26962
26964
26966
26967
26970
26978
26983
26987
26992
26994
27002
27004
27006
27013
27014
27022
27030
27040
27048
27053
27064
27067
27070
27071
27072
27076
27079
27084
27085
27098
27102
27103
27108
27118
27122
27125
27128
27129
27143
27150
27155
27163
27169
27175
27178
27188
27191
27196
27198
27199
27201
27202
27226
27228
27241
27242
27244
27248
27252
27257
27258
27259
27260
27261
27266
27284
27286
27287
27290
27294
27295
27306
27308
27313
27318
27324
27332
27344
27348
27354
27366
27367
27371
27382
27388
27390
27394
27408
27412
27420
27422
27442
27446
27450
27452
27454
27463
27466
27468
27469
27471
27480
27487
27488
27493
27494
27497
27498
27503
27505
27509
27516
27533
27538
27544
27547
27550
27553
27558
27564
27567
27571
27574
27588
27592
27594
27612
27613
27630
27631
27640
27695
27700
27710
27718
27725
27729
27738
27760
27762
27764
27770
27774
27787
27793
27794
27801
27802
27818
27821
27824
27826
27832
27838
27841
27866
27868
27871
27872
27893
27900
27901
27904
27907
27912
27919
27921
27940
27942
27945
27957
27958
27970
27973
27975
27978
27979
27980
27982
27996
28000
28002
28004
28008
28009
28020
28031
28032
28037
28047
28049
28052
28060
28067
28084
28085
28088
28130
28137
28144
28160
28166
28168
28171
28181
28188
28191
28204
28210
28213
28215
28218
28220
28225
28230
28231
28234
28236
28245
28250
28264
28270
28274
28283
28287
28289
28291
28300
28301
28306
28325
28326
28330
28343
28350
28356
28369
28385
28389
28391
28408
28410
28415
28422
28431
28432
28433
28434
28440
28447
28448
28450
28454
28457
28458
28459
28463
28468
28470
28471
28479
28481
28482
28492
28520
28521
28525
28529
28550
28559
28560
28562
28569
28572
28575
28582
28588
28598
28603
28607
28613
28625
28629
28632
28640
28641
28654
28663
28665
28668
28672
28678
28680
28686
28687
28700
28704
28705
28709
28726
28727
28740
28745
28746
28749
28750
28751
28752
28756
28763
28765
28767
28769
28770
28775
28785
28791
28804
28807
28818
28822
28828
28835
28839
28864
28868
28872
28876
28881
28884
28885
28891
28892
28900
28908
28912
28921
28933
28939
28942
28946
28948
28954
28960
28961
28962
28964
28965
28973
28982
28985
28990
29004
29014
29025
29034
29035
29045
29061
29063
29064
29079
29080
29083
29086
29088
29089
29092
29101
29118
29119
29120
29134
29146
29161
29166
29172
29178
29181
29203
29213
29221
29222
29224
29230
29237
29245
29248
29260
29262
29263
29269
29286
29289
29303
29326
29327
29332
29344
29353
29380
29384
29398
29406
29407
29412
29420
29426
29440
29444
29452
29459
29460
29464
29466
29467
29477
29478
29487
29488
29491
29498
29514
29516
29518
29529
29531
29534
29544
29545
29546
29549
29559
29560
29561
29573
29587
29594
29600
29602
29620
29626
29652
29653
29664
29672
29675
29676
29682
29707
29708
29716
29734
29742
29753
29762
29770
29771
29778
29786
29790
29801
29802
29804
29812
29815
29821
29827
29828
29834
29842
29846
29862
29876
29881
29882
29886
29889
29899
29904
29905
29908
29918
29919
29922
29925
29927
29930
29937
29942
29945
29947
29959
29964
29970
29972
29988
29989
29994
30000
30001
30004
30012
30017
30018
30023
30030
30058
30065
30068
30069
30071
30074
30078
30080
30081
30087
30091
30098
30108
30109
30116
30117
30127
30132
30133
30137
30138
30142
30144
30155
30156
30172
30178
30179
30184
30196
30204
30210
30211
30215
30218
30221
30226
30232
30244
30246
30250
30253
30260
30283
30285
30298
30299
30300
30302
30308
30314
30320
30334
30342
30349
30357
30360
30368
30370
30377
30379
30380
30396
30406
30418
30420
30424
30429
30434
30436
30438
30445
30448
30462
30466
30476
30477
30484
30485
30486
30488
30490
30491
30495
30499
30509
30516
30524
30532
30548
30557
30558
30568
30578
30594
30596
30599
30600
30605
30610
30613
30626
30629
30640
30642
30666
30672
30673
30674
30681
30704
30709
30711
30733
30735
30743
30762
30767
30780
30784
30786
30804
30807
30810
30811
30821
30823
30842
30844
30846
30852
30862
30865
30868
30878
30880
30882
30890
30893
30894
30900
30918
30919
30927
30929
30934
30948
30949
30958
30964
30968
30969
30981
30996
30998
30999
31010
31024
31032
31039
31045
31050
31058
31062
31064
31078
31084
31089
31091
31092
31100
31102
31126
31132
31133
31138
31154
31161
31164
31166
31168
31169
31171
31184
31185
31188
31192
31193
31205
31206
31207
31211
31213
31219
31226
31228
31229
31230
31231
31240
31253
31264
31270
31279
31284
31287
31288
31289
31291
31298
31316
31320
31341
31342
31344
31349
31350
31358
31359
31364
31366
31372
31386
31387
31391
31398
31408
31410
31420
31421
31422
31424
31427
31429
31436
31441
31444
31450
31453
31464
31468
31472
31475
31483
31484
31495
31501
31507
31524
31534
31535
31538
31546
31548
31556
31570
31572
31580
31582
31588
31590
31602
31604
31610
31612
31615
31624
31626
31628
31632
31636
31644
31650
31651
31652
31661
31662
31663
31668
31670
31671
31675
31686
31698
31704
31708
31710
31714
31721
31727
31734
31758
31768
31770
31775
31791
31793
31817
31819
31820
31822
31831
31835
31849
31860
31874
31884
31891
31894
31903
31904
31906
31908
31909
31913
31918
31921
31924
31927
31930
31938
31940
31950
31954
31955
31958
31975
31978
31979
31984
31985
32000
32006
32021
32022
32025
32028
32030
32034
32044
32047
32057
32061
32062
32065
32068
32069
32070
32074
32099
32100
32110
32124
32130
32132
32146
32154
32158
32171
32173
32178
32180
32186
32189
32195
32196
32201
32206
32212
32215
32220
32268
32273
32276
32278
32285
32291
32293
32300
32302
32304
32306
32311
32328
32334
32337
32345
32348
32352
32360
32386
32389
32390
32391
32393
32398
32402
32408
32412
32419
32426
32440
32444
32452
32454
32482
32485
32486
32489
32495
32498
32506
32515
32518
32525
32531
32545
32546
32554
32564
32578
32580
32591
32592
32594
32597
32598
32601
32604
32611
32618
32623
32630
32646
32651
32660
32665
32669
32671
32672
32674
32675
32686
32688
32698
32700
32701
32712
32718
32726
32732
32740
32743
32747
32755
32756
32761
32771
32772
32774
32782
32791
32794
32799
32801
32806
32813
32815
32830
32845
32862
32868
32873
32875
32876
32885
32891
32900
32903
32910
32924
32927
32932
32939
32940
32947
32948
32953
32956
32964
32966
32968
32978
32982
33015
33019
33035
33039
33040
33048
33050
33055
33057
33058
33059
33086
33092
33103
33104
33107
33108
33109
33110
33119
33121
33122
33142
33145
33146
33156
33168
33169
33170
33172
33179
33182
33188
33197
33203
33204
33206
33214
33223
33231
33232
33242
33248
33250
33257
33258
33260
33268
33294
33299
33301
33310
33316
33338
33341
33343
33354
33355
33357
33358
33365
33379
33381
33383
33386
33388
33392
33402
33403
33429
33430
33439
33444
33451
33454
33455
33458
33464
33474
33497
33500
33506
33514
33516
33519
33527
33540
33541
33545
33547
33548
33558
33562
33565
33566
33571
33574
33591
33594
33595
33606
33611
33612
33615
33632
33644
33652
33653
33654
33659
33660
33666
33678
33685
33703
33707
33714
33717
33722
33728
33730
33731
33745
33754
33763
33767
33779
33784
33786
33789
33796
33804
33807
33814
33826
33827
33830
33832
33834
33841
33850
33857
33858
33860
33861
33863
33871
33874
33885
33893
33906
33910
33913
33916
33920
33935
33943
33951
33964
33967
33977
33985
33990
33991
33996
34001
34009
34010
34018
34019
34022
34026
34028
34030
34032
34040
34046
34048
34060
34081
34091
34092
34100
34105
34109
34118
34135
34137
34140
34142
34146
34150
34157
34162
34163
34165
34168
34200
34202
34219
34220
34221
34223
34234
34236
34242
34247
34254
34257
34267
34272
34280
34290
34294
34301
34304
34308
34317
34326
34331
34333
34338
34343
34344
34351
34358
34361
34367
34372
34374
34387
34390
34392
34393
34396
34401
34402
34405
34410
34414
34425
34432
34433
34437
34454
34457
34464
34466
34472
34474
34479
34484
34488
34495
34499
34501
34502
34504
34509
34514
34518
34527
34528
34561
34565
34566
34570
34580
34588
34591
34592
34600
34606
34610
34614
34622
34639
34640
34641
34655
34661
34663
34669
34677
34679
34690
34692
34698
34702
34706
34710
34711
34721
34723
34725
34726
34729
34732
34733
34739
34744
34757
34770
34778
34782
34787
34795
34796
34801
34807
34811
34818
34823
34850
34861
34880
34882
34886
34895
34902
34914
34915
34916
34919
34924
34930
34932
34938
34945
34949
34954
34969
34980
34990
35001
35005
35008
35010
35011
35023
35024
35030
35032
35033
35035
35037
35040
35053
35055
35060
35078
35085
35090
35093
35106
35110
35111
35114
35116
35130
35132
35146
35149
35153
35156
35164
35180
35181
35185
35189
35191
35208
35212
35215
35225
35226
35230
35236
35238
35248
35251
35254
35255
35261
35262
35265
35281
35284
35288
35290
35298
35315
35316
35321
35324
35328
35337
35345
35346
35352
35353
35358
35361
35364
35371
35391
35407
35412
35420
35425
35431
35434
35442
35443
35449
35452
35461
35470
35473
35474
35477
35479
35489
35508
35517
35519
35521
35522
35524
35535
35540
35549
35560
35562
35563
35568
35569
35580
35581
35586
35588
35592
35594
35604
35610
35620
35628
35631
35632
35636
35652
35653
35654
35666
35668
35670
35678
35684
35686
35700
35707
35710
35714
35721
35724
35749
35751
35753
35756
35757
35765
35770
35775
35782
35791
35804
35810
35812
35813
35818
35820
35837
35852
35862
35867
35872
35874
35877
35885
35894
35895
35904
35919
35920
35922
35946
35950
35951
35956
35968
35978
35985
35986
35990
35994
35998
35999
36004
36006
36009
36010
36018
36031
36038
36041
36059
36066
36083
36089
36090
36094
36101
36106
36112
36115
36116
36117
36119
36121
36122
36124
36133
36134
36137
36161
36165
36178
36186
36187
36189
36198
36201
36204
36205
36207
36214
36224
36226
36227
36229
36237
36238
36241
36244
36251
36252
36254
36259
36262
36263
36264
36265
36294
36299
36304
36322
36324
36325
36326
36327
36332
36334
36335
36356
36360
36364
36372
36386
36388
36395
36399
36406
36409
36413
36414
36419
36427
36440
36441
36442
36462
36474
36482
36487
36488
36490
36493
36498
36511
36515
36520
36523
36524
36535
36546
36554
36556
36557
36563
36578
36580
36598
36600
36615
36619
36621
36624
36629
36630
36642
36646
36658
36661
36668
36671
36673
36678
36687
36691
36692
36702
36708
36713
36720
36731
36733
36737
36738
36740
36742
36744
36756
36763
36766
36768
36778
36784
36788
36794
36796
36800
36801
36806
36822
36823
36826
36837
36838
36848
36862
36870
36871
36874
36876
36881
36883
36893
36901
36907
36914
36918
36923
36927
36945
36948
36950
36957
36962
36965
36968
36971
36984
37018
37021
37025
37030
37034
37038
37045
37047
37060
37069
37076
37082
37085
37090
37092
37098
37102
37104
37108
37109
37112
37114
37132
37141
37154
37159
37174
37184
37190
37191
37192
37193
37199
37201
37205
37207
37208
37210
37213
37214
37217
37219
37229
37234
37241
37254
37261
37264
37268
37270
37271
37274
37278
37282
37310
37318
37324
37330
37334
37343
37364
37378
37384
37388
37389
37390
37394
37400
37422
37425
37434
37438
37452
37462
37474
37481
37485
37486
37493
37497
37502
37516
37518
37529
37540
37552
37555
37571
37582
37583
37589
37590
37601
37607
37614
37618
37632
37650
37654
37655
37661
37664
37673
37690
37693
37694
37697
37704
37706
37708
37730
37737
37740
37754
37756
37758
37772
37775
37784
37789
37796
37801
37802
37806
37807
37836
37842
37846
37852
37865
37867
37876
37877
37878
37881
37891
37907
37909
37920
37921
37922
37930
37931
37932
37933
37939
37944
37950
37952
37961
37967
37972
37980
37985
37992
37993
38004
38005
38009
38014
38015
38025
38026
38028
38032
38041
38048
38054
38060
38062
38076
38083
38084
38087
38090
38108
38113
38127
38138
38152
38153
38162
38168
38171
38172
38190
38195
38196
38204
38205
38206
38218
38244
38261
38267
38274
38275
38278
38287
38300
38329
38330
38332
38333
38335
38338
38340
38350
38357
38360
38361
38372
38375
38387
38392
38396
38397
38404
38424
38425
38444
38459
38460
38462
38480
38495
38502
38512
38513
38514
38518
38520
38526
38533
38538
38572
38578
38581
38585
38590
38602
38603
38621
38622
38624
38626
38639
38647
38650
38652
38655
38657
38671
38676
38681
38689
38700
38704
38706
38709
38716
38725
38727
38728
38734
38747
38759
38770
38778
38785
38790
38810
38813
38818
38821
38824
38827
38828
38839
38844
38847
38848
38849
38855
38898
38902
38904
38919
38920
38927
38934
38938
38958
38966
38989
38992
38999
39000
39004
39013
39023
39025
39026
39028
39030
39036
39046
39055
39059
39060
39074
39080
39081
39112
39114
39115
39116
39126
39130
39131
39135
39138
39150
39158
39163
39164
39175
39180
39184
39188
39189
39197
39198
39206
39215
39222
39224
39226
39228
39238
39253
39257
39284
39289
39297
39311
39312
39317
39322
39330
39331
39335
39340
39341
39342
39348
39353
39354
39361
39366
39370
39371
39378
39379
39382
39384
39388
39394
39396
39398
39441
39445
39461
39464
39465
39477
39486
39487
39491
39501
39510
39519
39534
39539
39550
39551
39562
39565
39569
39571
39584
39586
39588
39590
39594
39598
39602
39607
39608
39614
39620
39628
39639
39644
39659
39665
39674
39684
39688
39690
39698
39704
39721
39732
39734
39735
39743
39752
39770
39775
39778
39784
39791
39794
39803
39807
39808
39812
39820
39826
39829
39837
39838
39840
39845
39860
39871
39882
39886
39898
39902
39904
39907
39908
39913
39916
39928
39935
39940
39948
39954
39959
39960
39962
39970
39978
39982
39985
39996
40001
40007
40013
40014
40020
40039
40043
40044
40045
40051
40052
40054
40058
40066
40075
40077
40089
40099
40100
40104
40105
40108
40123
40149
40150
40153
40162
40164
40165
40180
40184
40189
40194
40196
40200
40212
40214
40215
40224
40226
40228
40230
40234
40255
40277
40280
40282
40284
40288
40295
40303
40309
40310
40314
40315
40318
40321
40325
40331
40332
40338
40344
40356
40365
40367
40373
40381
40390
40394
40399
40402
40403
40404
40411
40422
40429
40446
40450
40452
40453
40458
40465
40470
40475
40482
40486
40492
40495
40506
40512
40514
40517
40518
40522
40529
40532
40541
40543
40548
40556
40558
40559
40572
40575
40579
40581
40588
40594
40596
40598
40599
40600
40609
40612
40617
40624
40628
40632
40638
40642
40644
40664
40671
40674
40697
40705
40712
40714
40716
40730
40746
40752
40756
40758
40762
40764
40766
40778
40783
40786
40794
40804
40806
40813
40815
40831
40845
40847
40850
40860
40862
40865
40870
40874
40883
40887
40902
40906
40909
40913
40922
40924
40933
40934
40943
40945
40946
40951
40962
40966
40970
40988
40996
40998
41004
41005
41010
41011
41014
41018
41025
41027
41028
41029
41033
41035
41040
41041
41047
41048
41051
41061
41069
41070
41086
41093
41100
41119
41130
41134
41138
41140
41146
41148
41152
41156
41162
41169
41170
41171
41178
41189
41206
41218
41219
41232
41240
41247
41262
41267
41272
41274
41278
41284
41285
41288
41290
41293
41299
41300
41302
41309
41312
41314
41335
41339
41346
41354
41360
41363
41366
41367
41368
41369
41384
41404
41407
41408
41413
41419
41430
41434
41436
41439
41450
41455
41458
41459
41464
41470
41471
41476
41481
41483
41492
41494
41498
41514
41525
41533
41556
41560
41561
41562
41573
41580
41584
41586
41592
41597
41598
41606
41608
41615
41622
41636
41639
41650
41671
41679
41680
41682
41698
41701
41705
41706
41710
41719
41726
41730
41731
41735
41753
41771
41791
41795
41798
41806
41821
41840
41844
41848
41852
41854
41863
41871
41878
41887
41893
41915
41932
41941
41947
41952
41962
41963
41969
41972
41982
41983
41984
41985
42001
42004
42012
42017
42028
42036
42046
42052
42058
42061
42073
42079
42080
42090
42091
42098
42100
42105
42106
42107
42113
42120
42124
42139
42141
42155
42162
42164
42169
42182
42184
42186
42190
42194
42200
42201
42205
42214
42224
42229
42231
42236
42237
42239
42244
42247
42248
42255
42258
42270
42271
42306
42314
42322
42327
42330
42331
42346
42349
42356
42357
42360
42374
42381
42385
42388
42391
42398
42402
42406
42424
42437
42443
42447
42454
42464
42482
42484
42485
42487
42498
42508
42509
42511
42514
42520
42522
42523
42528
42532
42535
42538
42541
42546
42551
42552
42554
42558
42559
42562
42568
42581
42595
42598
42604
42622
42626
42628
42629
42641
42646
42649
42653
42654
42666
42670
42676
42677
42679
42682
42688
42689
42701
42705
42707
42715
42716
42733
42737
42738
42741
42766
42770
42773
42782
42799
42805
42820
42832
42841
42846
42850
42851
42868
42887
42898
42906
42907
42908
42911
42914
42918
42934
42942
42956
42957
42971
42972
42973
42978
42983
42984
42990
42998
43001
43004
43010
43014
43025
43050
43051
43052
43055
43063
43064
43065
43066
43074
43078
43085
43087
43090
43101
43102
43108
43124
43126
43127
43129
43140
43141
43150
43154
43158
43159
43170
43172
43174
43175
43180
43181
43186
43188
43190
43194
43200
43212
43213
43218
43225
43234
43235
43236
43240
43260
43270
43276
43277
43282
43288
43289
43294
43302
43308
43311
43312
43318
43321
43337
43339
43343
43344
43356
43360
43363
43370
43379
43380
43390
43396
43426
43432
43434
43454
43461
43475
43483
43498
43512
43513
43520
43522
43527
43529
43534
43535
43544
43550
43551
43556
43564
43569
43571
43582
43590
43596
43604
43612
43618
43620
43633
43638
43641
43642
43643
43644
43646
43648
43669
43670
43680
43689
43703
43727
43730
43733
43738
43740
43750
43759
43762
43766
43795
43798
43804
43805
43806
43811
43826
43829
43832
43838
43857
43862
43865
43866
43872
43873
43874
43878
43884
43887
43892
43900
43903
43904
43907
43910
43920
43925
43926
43933
43937
43941
43945
43950
43954
43956
43963
43981
43984
44004
44011
44012
44015
44018
44023
44048
44050
44068
44069
44074
44081
44086
44092
44095
44101
44107
44121
44124
44138
44144
44149
44155
44156
44157
44160
44161
44170
44173
44184
44190
44198
44208
44218
44222
44231
44232
44238
44251
44261
44262
44266
44278
44282
44284
44290
44298
44301
44314
44318
44323
44326
44344
44345
44359
44382
44386
44390
44400
44409
44412
44424
44428
44430
44442
44444
44446
44455
44465
44468
44469
44470
44472
44491
44495
44501
44504
44507
44508
44514
44515
44519
44538
44539
44543
44550
44556
44559
44560
44562
44564
44569
44570
44574
44586
44587
44588
44599
44600
44602
44609
44611
44614
44620
44621
44631
44638
44640
44658
44679
44695
44697
44698
44700
44704
44706
44713
44714
44716
44726
44730
44734
44740
44744
44747
44748
44754
44757
44759
44760
44773
44790
44794
44798
44806
44819
44821
44828
44834
44838
44839
44842
44847
44849
44869
44873
44875
44878
44882
44886
44887
44888
44890
44901
44904
44905
44908
44910
44911
44912
44915
44918
44927
44934
44937
44946
44948
44949
44958
44972
44981
44989
44998
45002
45017
45020
45024
45025
45036
45043
45053
45061
45066
45068
45071
45072
45083
45107
45110
45115
45125
45129
45140
45142
45144
45148
45150
45158
45160
45161
45181
45196
45207
45210
45212
45214
45218
45226
45234
45247
45260
45272
45274
45276
45284
45286
45290
45294
45299
45304
45307
45310
45312
45316
45324
45327
45328
45330
45332
45356
45367
45368
45370
45381
45386
45396
45398
45407
45408
45419
45426
45434
45438
45441
45462
45463
45471
45472
45480
45487
45488
45489
45493
45494
45503
45504
45521
45524
45546
45552
45556
45558
45563
45574
45589
45599
45611
45615
45617
45628
45638
45650
45652
45655
45660
45669
45678
45687
45689
45692
45694
45695
45698
45704
45712
45715
45721
45724
45729
45730
45734
45737
45749
45756
45758
45773
45775
45778
45781
45794
45800
45809
45818
45824
45827
45836
45841
45845
45847
45850
45859
45862
45866
45880
45885
45886
45890
45901
45904
45922
45925
45927
45954
45957
45958
45966
45972
45977
45980
45986
45990
45991
45996
46010
46017
46018
46028
46034
46036
46038
46046
46051
46055
46072
46086
46092
46105
46116
46122
46123
46129
46130
46138
46144
46147
46154
46161
46164
46172
46175
46186
46194
46204
46209
46210
46213
46215
46220
46224
46240
46246
46252
46254
46255
46258
46261
46269
46276
46281
46290
46298
46304
46307
46309
46313
46314
46315
46318
46321
46327
46339
46346
46348
46351
46364
46372
46393
46396
46397
46398
46414
46423
46426
46428
46430
46434
46438
46441
46442
46450
46471
46476
46480
46486
46490
46507
46510
46512
46518
46534
46538
46554
46555
46558
46561
46564
46568
46578
46580
46582
46585
46589
46606
46610
46618
46626
46630
46631
46639
46647
46652
46655
46675
46678
46684
46695
46697
46703
46721
46738
46741
46742
46745
46747
46748
46749
46751
46756
46768
46784
46796
46804
46806
46809
46820
46822
46825
46828
46834
46840
46847
46848
46864
46866
46876
46877
46878
46883
46885
46886
46891
46898
46901
46903
46906
46908
46912
46914
46927
46940
46942
46975
46988
46996
47011
47014
47020
47029
47030
47035
47039
47047
47053
47057
47059
47064
47089
47094
47095
47098
47101
47107
47110
47118
47120
47123
47130
47141
47145
47156
47161
47166
47168
47174
47178
47183
47184
47191
47204
47208
47212
47215
47230
47236
47239
47250
47258
47261
47271
47272
47279
47287
47291
47293
47295
47303
47318
47321
47325
47330
47344
47347
47351
47352
47358
47360
47361
47371
47372
47374
47380
47381
47387
47393
47394
47397
47399
47402
47404
47405
47406
47412
47413
47442
47443
47449
47453
47458
47460
47461
47462
47471
47472
47473
47474
47482
47487
47488
47495
47500
47501
47507
47508
47510
47511
47525
47527
47528
47529
47533
47546
47563
47567
47578
47580
47581
47605
47610
47615
47620
47633
47638
47647
47650
47655
47658
47659
47666
47668
47670
47674
47683
47693
47694
47708
47710
47717
47719
47720
47721
47747
47748
47752
47761
47766
47768
47772
47783
47784
47788
47800
47801
47803
47821
47833
47839
47840
47862
47871
47872
47874
47875
47887
47894
47903
47906
47938
47940
47944
47956
47959
47963
47996
48000
48020
48024
48025
48026
48029
48031
48036
48043
48046
48054
48055
48059
48069
48078
48082
48089
48098
48105
48121
48126
48142
48145
48146
48158
48161
48170
48178
48189
48194
48198
48203
48212
48223
48227
48235
48236
48239
48241
48253
48262
48270
48271
48279
48281
48287
48300
48301
48318
48322
48328
48330
48340
48343
48346
48348
48358
48359
48360
48364
48365
48366
48369
48380
48384
48394
48396
48402
48414
48415
48426
48427
48430
48439
48444
48454
48462
48468
48470
48472
48490
48495
48510
48521
48522
48540
48541
48545
48546
48549
48554
48563
48568
48569
48572
48581
48582
48607
48612
48619
48628
48642
48644
48647
48655
48658
48659
48670
48671
48673
48678
48683
48688
48708
48717
48718
48720
48722
48726
48731
48733
48755
48765
48770
48773
48775
48787
48802
48805
48807
48808
48818
48824
48833
48837
48838
48842
48854
48860
48872
48875
48880
48883
48884
48886
48900
48908
48909
48910
48918
48928
48932
48940
48956
48958
48959
48969
48970
48972
48981
48984
48990
48998
49013
49024
49030
49037
49046
49048
49064
49066
49071
49084
49085
49086
49087
49089
49092
49097
49099
49109
49123
49125
49152
49158
49178
49182
49197
49200
49206
49212
49244
49247
49248
49257
49259
49268
49269
49277
49280
49285
49294
49303
49309
49319
49321
49326
49327
49332
49340
49341
49343
49346
49348
49350
49362
49372
49373
49382
49390
49393
49398
49403
49405
49406
49412
49418
49451
49462
49466
49474
49475
49478
49481
49486
49489
49492
49502
49504
49509
49511
49512
49527
49534
49541
49546
49549
49560
49565
49567
49570
49580
49590
49596
49604
49607
49617
49620
49621
49622
49627
49628
49638
49640
49642
49643
49647
49648
49650
49672
49679
49680
49687
49691
49692
49699
49709
49711
49719
49722
49726
49727
49732
49738
49745
49746
49748
49751
49772
49780
49784
49791
49794
49806
49810
49817
49828
49843
49849
49872
49879
49880
49892
49900
49901
49903
49932
49945
49951
49952
49961
49966
49972
49974
49987
49990
49992
49994
50014
50018
50021
50022
50025
50039
50061
50065
50070
50071
50085
50098
50099
50100
50125
50129
50131
50143
50147
50154
50166
50173
50200
50212
50213
50221
50228
50233
50240
50245
50251
50258
50265
50274
50284
50294
50303
50306
50314
50319
50320
50328
50329
50332
50334
50342
50352
50359
50360
50362
50366
50367
50369
50371
50372
50393
50395
50400
50409
50413
50421
50422
50434
50443
50462
50474
50479
50484
50490
50498
50503
50504
50511
50512
50515
50519
50524
50534
50545
50548
50549
50550
50558
50562
50573
50579
50602
50605
50608
50623
50626
50628
50642
50652
50655
50658
50661
50662
50663
50671
50693
50699
50704
50706
50708
50712
50720
50728
50730
50731
50734
50741
50742
50746
50755
50764
50767
50780
50784
50790
50791
50794
50801
50803
50804
50809
50813
50819
50833
50834
50836
50838
50841
50842
50850
50854
50855
50862
50870
50872
50875
50878
50880
50882
50884
50886
50890
50895
50904
50906
50908
50910
50916
50922
50923
50930
50935
50941
50944
50949
50958
50960
50961
50968
50970
50971
50974
50982
50987
50988
50996
51014
51023
51034
51057
51061
51064
51070
51077
51082
51084
51090
51094
51095
51098
51111
51115
51118
51128
51139
51141
51154
51162
51163
51164
51174
51175
51181
51186
51190
51191
51194
51210
51223
51232
51233
51235
51241
51244
51248
51249
51251
51252
51257
51268
51280
51286
51294
51299
51302
51304
51309
51317
51318
51320
51321
51329
51342
51343
51346
51354
51355
51358
51361
51364
51384
51388
51389
51394
51399
51407
51408
51413
51418
51420
51432
51439
51440
51451
51455
51462
51464
51468
51474
51479
51485
51487
51488
51494
51505
51506
51512
51516
51537
51539
51547
51548
51550
51552
51553
51565
51570
51582
51588
51592
51594
51598
51626
51644
51649
51654
51658
51664
51669
51670
51671
51676
51684
51690
51695
51704
51714
51722
51724
51730
51735
51738
51743
51754
51756
51760
51772
51778
51782
51785
51788
51791
51793
51796
51798
51800
51805
51806
51807
51815
51820
51828
51832
51834
51844
51853
51865
51866
51876
51879
51880
51883
51897
51898
51911
51914
51928
51941
51942
51947
51951
51953
51954
51958
51964
51966
51984
51985
51988
51995
52000
52018
52021
52022
52029
52038
52051
52054
52058
52062
52064
52074
52098
52104
52108
52111
52137
52148
52153
52166
52168
52180
52186
52187
52191
52192
52194
52198
52207
52219
52222
52243
52249
52250
52258
52259
52260
52271
52274
52276
52281
52284
52288
52295
52302
52304
52310
52316
52318
52319
52320
52322
52328
52340
52342
52345
52349
52350
52351
52352
52356
52374
52375
52393
52398
52399
52411
52414
52421
52424
52434
52444
52445
52448
52451
52453
52458
52460
52464
52471
52475
52480
52487
52488
52502
52517
52531
52532
52540
52544
52546
52562
52566
52568
52570
52572
52578
52579
52582
52612
52614
52619
52620
52621
52632
52642
52646
52654
52672
52685
52690
52698
52699
52700
52702
52703
52706
52711
52722
52723
52730
52741
52744
52748
52749
52750
52752
52762
52769
52770
52772
52778
52780
52781
52785
52788
52799
52811
52820
52822
52824
52836
52838
52844
52847
52853
52858
52866
52868
52870
52877
52882
52888
52892
52894
52895
52902
52903
52905
52911
52922
52926
52931
52932
52937
52951
52956
52966
52968
52969
52974
52982
52986
52988
52992
53001
53026
53035
53037
53040
53048
53058
53063
53064
53070
53084
53087
53099
53106
53110
53127
53134
53140
53141
53143
53146
53154
53162
53164
53170
53173
53189
53195
53203
53214
53218
53226
53231
53233
53234
53236
53237
53244
53250
53252
53258
53264
53269
53275
53279
53280
53281
53308
53316
53324
53325
53340
53362
53366
53374
53378
53382
53383
53384
53387
53391
53392
53418
53419
53430
53444
53455
53462
53466
53469
53471
53482
53485
53487
53494
53502
53504
53506
53513
53514
53528
53532
53535
53537
53539
53541
53545
53546
53559
53560
53564
53590
53594
53599
53606
53609
53620
53624
53628
53662
53671
53675
53676
53682
53687
53699
53704
53706
53721
53735
53743
53748
53750
53751
53754
53755
53761
53766
53789
53802
53803
53806
53807
53825
53826
53830
53832
53836
53839
53840
53842
53843
53845
53846
53858
53860
53861
53865
53867
53869
53872
53873
53874
53880
53881
53891
53894
53897
53900
53928
53929
53948
53965
53972
53974
53975
53980
53982
53984
53988
53992
54000
54001
54009
54021
54026
54032
54035
54054
54055
54073
54074
54079
54080
54081
54091
54100
54109
54111
54120
54131
54137
54139
54142
54160
54166
54174
54178
54179
54198
54214
54220
54229
54237
54241
54245
54247
54248
54259
54260
54261
54264
54271
54276
54282
54284
54287
54302
54306
54313
54314
54318
54319
54320
54325
54326
54327
54340
54348
54349
54351
54354
54355
54360
54372
54380
54402
54404
54424
54431
54441
54450
54460
54470
54471
54475
54490
54492
54494
54497
54499
54515
54521
54523
54524
54527
54535
54540
54541
54552
54556
54557
54559
54575
54586
54590
54595
54596
54615
54626
54630
54632
54635
54652
54655
54673
54674
54683
54686
54687
54689
54719
54731
54741
54744
54749
54750
54756
54758
54767
54768
54778
54787
54803
54806
54811
54828
54842
54850
54855
54857
54859
54865
54868
54881
54892
54904
54909
54911
54912
54918
54919
54931
54932
54942
54943
54947
54954
54956
54961
54962
54966
54973
54980
54984
54990
54999
55008
55020
55021
55025
55027
55036
55043
55062
55063
55068
55072
55093
55097
55101
55105
55114
55120
55124
55125
55127
55130
55139
55141
55142
55150
55161
55170
55171
55182
55184
55186
55187
55188
55199
55200
55208
55209
55210
55211
55212
55220
55224
55225
55229
55231
55242
55245
55247
55259
55269
55272
55278
55279
55281
55294
55300
55304
55308
55318
55327
55331
55332
55335
55341
55350
55356
55363
55374
55375
55409
55414
55429
55433
55436
55444
55446
55447
55459
55464
55470
55472
55480
55492
55500
55506
55511
55514
55534
55538
55548
55552
55555
55559
55567
55569
55584
55591
55596
55614
55621
55622
55634
55637
55641
55646
55648
55649
55650
55664
55665
55666
55672
55674
55676
55682
55686
55687
55691
55692
55708
55710
55714
55734
55739
55740
55741
55744
55746
55751
55754
55758
55767
55784
55786
55794
55795
55798
55801
55804
55829
55834
55840
55843
55844
55848
55852
55860
55862
55879
55889
55890
55900
55903
55909
55912
55924
55928
55930
55931
55938
55939
55940
55942
55954
55956
55962
55972
55975
55985
56002
56005
56007
56009
56014
56023
56024
56029
56030
56033
56034
56036
56039
56040
56051
56064
56066
56093
56094
56100
56102
56109
56112
56116
56126
56127
56130
56135
56138
56140
56144
56147
56149
56152
56158
56161
56168
56170
56178
56180
56185
56191
56192
56202
56209
56215
56220
56227
56232
56234
56238
56239
56244
56250
56262
56275
56285
56287
56288
56294
56295
56298
56314
56315
56320
56332
56338
56340
56346
56347
56350
56351
56374
56387
56390
56397
56404
56408
56412
56418
56420
56423
56424
56434
56439
56442
56450
56454
56465
56470
56476
56482
56485
56491
56494
56498
56508
56510
56514
56527
56530
56539
56546
56548
56550
56559
56565
56566
56579
56580
56605
56606
56615
56622
56626
56632
56639
56640
56662
56663
56665
56668
56672
56689
56694
56702
56706
56709
56710
56712
56714
56766
56774
56781
56786
56794
56803
56804
56813
56817
56819
56821
56824
56826
56834
56836
56838
56843
56844
56852
56855
56869
56878
56886
56910
56915
56922
56927
56928
56933
56948
56951
56953
56958
56965
56994
56996
56999
57001
57006
57010
57012
57018
57020
57036
57040
57046
57058
57059
57064
57065
57073
57077
57088
57089
57094
57095
57101
57102
57105
57122
57125
57126
57132
57133
57135
57138
57148
57150
57154
57155
57161
57180
57184
57189
57196
57208
57211
57218
57223
57224
57232
57242
57266
57270
57276
57278
57280
57282
57286
57290
57300
57304
57305
57310
57323
57329
57334
57346
57351
57362
57364
57367
57368
57371
57375
57378
57379
57380
57382
57384
57389
57392
57401
57402
57418
57427
57438
57445
57450
57458
57469
57482
57485
57487
57494
57500
57504
57512
57514
57522
57526
57527
57532
57551
57562
57568
57572
57574
57586
57589
57596
57605
57606
57608
57610
57611
57624
57629
57630
57642
57649
57650
57653
57654
57670
57671
57672
57679
57692
57703
57709
57717
57721
57724
57726
57740
57756
57769
57804
57810
57811
57814
57818
57824
57829
57835
57840
57847
57860
57864
57869
57870
57872
57876
57880
57897
57898
57899
57906
57908
57916
57920
57922
57926
57930
57942
57943
57951
57953
57954
57968
57972
57978
57991
57994
57995
57996
58015
58017
58030
58032
58039
58048
58061
58077
58082
58090
58099
58110
58114
58129
58135
58148
58150
58158
58162
58163
58172
58178
58185
58202
58219
58230
58232
58240
58247
58250
58252
58261
58267
58269
58271
58276
58282
58284
58287
58289
58307
58310
58313
58314
58330
58331
58332
58338
58344
58352
58359
58360
58368
58369
58380
58404
58410
58412
58414
58420
58424
58429
58430
58442
58449
58453
58454
58457
58458
58459
58460
58469
58470
58476
58489
58501
58525
58530
58558
58568
58572
58589
58592
58596
58600
58604
58606
58610
58612
58617
58618
58622
58628
58634
58639
58644
58645
58651
58668
58669
58686
58687
58690
58691
58692
58714
58715
58724
58726
58727
58735
58738
58746
58747
58753
58754
58778
58798
58799
58801
58814
58824
58826
58831
58840
58842
58845
58854
58859
58860
58868
58871
58886
58887
58891
58900
58908
58921
58925
58928
58932
58937
58942
58943
58949
58962
58966
58967
58972
58973
58978
58979
58980
58982
58988
58992
58997
59002
59006
59008
59021
59024
59026
59027
59036
59044
59045
59052
59057
59064
59066
59070
59075
59081
59094
59098
59099
59104
59111
59118
59121
59126
59142
59149
59151
59157
59159
59180
59182
59191
59201
59203
59218
59220
59221
59230
59243
59244
59247
59248
59252
59255
59264
59272
59290
59299
59304
59318
59319
59322
59326
59329
59346
59362
59363
59364
59366
59369
59382
59383
59386
59391
59393
59408
59410
59413
59420
59424
59436
59439
59447
59448
59449
59452
59458
59461
59462
59464
59468
59473
59478
59482
59486
59492
59498
59510
59526
59527
59529
59530
59535
59539
59543
59550
59564
59573
59575
59581
59590
59596
59597
59600
59602
59624
59627
59644
59669
59676
59679
59688
59710
59714
59717
59724
59734
59744
59747
59767
59769
59781
59782
59788
59796
59801
59824
59832
59834
59836
59839
59846
59849
59852
59855
59858
59861
59863
59868
59871
59882
59884
59886
59888
59897
59902
59904
59908
59912
59920
59923
59925
59934
59935
59938
59948
59950
59968
59970
59972
59974
59983
59984
59989
59994
59997
60000
