pmin=46567868829649
4105*17^n-9
959961
959997
960021
960039
960057
960159
960201
960321
960381
960471
960489
961311
961437
961461
961761
961869
961977
962001
962037
962217
962271
962319
962631
962697
962877
963129
963657
963801
964017
964029
964161
964281
964317
964359
964551
964647
964749
965169
965199
965349
965541
965559
965601
965649
965829
965919
965997
966117
966207
966249
966429
966477
966519
966909
966951
966969
966981
966999
967257
967617
967629
967791
968061
968157
968301
968391
968421
968637
968769
968841
968871
968889
968967
969021
969039
969069
969177
969201
969501
970101
970149
970191
970209
970257
970281
970317
970401
970407
970599
970839
970959
971001
971217
971271
971397
971757
972021
972117
972237
972297
972351
972399
972471
972687
972711
972777
972909
973029
973089
973161
973209
973389
973407
973449
973569
973857
973929
973989
974061
974127
974151
974181
974349
974397
974529
974541
974721
974727
974901
975369
975441
975501
975567
975639
975837
975879
975897
975969
976017
976041
976287
976329
976341
976521
976527
976557
976761
976809
977031
977151
977157
977319
977367
977421
977679
977697
978021
978129
978327
978399
978597
978759
978951
979461
979527
979641
979857
979869
979977
980037
980247
980271
980397
980721
981039
981081
981189
981381
981441
981837
982017
982191
982269
982287
982317
982377
982431
982461
982809
982911
983097
983241
983349
983421
983439
983469
983541
983601
983799
983817
983919
984069
984141
984261
984279
984357
984447
984621
984729
984837
984861
984951
984969
985017
985071
985221
985269
985527
985701
985881
986007
986157
986247
986337
986889
986949
987087
987129
987399
987429
987591
987597
987717
987741
987789
987831
987849
987897
987957
988041
988137
988191
988257
988311
988401
988509
988911
989037
989049
989247
989397
989409
989487
989661
989769
989877
989991
990009
990021
990039
990081
990117
990369
990477
990561
990777
990801
990849
991017
991191
991269
991389
991461
991569
991677
991737
991809
992001
992079
992097
992181
992217
992271
992457
992757
992781
992997
993117
993141
993177
993351
993567
993807
994041
994071
994161
994557
994887
995031
995097
995157
995229
995241
995247
995337
995517
995637
995679
995751
995781
996039
996087
996111
996141
996681
996951
996969
997029
997527
997551
997671
997797
997941
998031
998121
998127
998271
998289
998319
998559
998847
998991
999261
999477
999597
999687
999729
999801
999957
