pmin=2216175347719
1352*26^n-497
109129
109139
109147
109231
109235
109255
109345
109351
109355
109435
109475
109495
109547
109595
109615
109651
109699
109771
109819
109825
109831
109835
109847
109855
109937
109987
110035
110099
110137
110147
110161
110257
110291
110359
110387
110467
110651
110719
110755
110771
110801
110827
110887
110897
110921
110971
111041
111059
111107
111115
111169
111211
111235
111239
111289
111371
111379
111439
111457
111491
111505
111545
111551
111607
111611
111619
111737
111755
111775
111799
111851
111859
111907
111919
111961
111985
111991
112007
112039
112079
112091
112135
112139
112175
112195
112211
112217
112235
112259
112391
112399
112411
112457
112511
112595
112711
112721
112771
112795
112871
112891
112907
112931
112939
113047
113071
113081
113119
113171
113185
113231
113239
113257
113287
113351
113387
113419
113449
113467
113471
113479
113495
113521
113555
113587
113611
113687
113699
113771
113779
113827
113915
113999
114031
114059
114071
114107
114115
114121
114191
114227
114247
114347
114431
114455
114491
114539
114545
114601
114655
114731
114755
114769
114779
114785
114799
114835
114967
114971
114995
115031
115097
115145
115199
115211
115225
115291
115295
115315
115331
115337
115379
115385
115411
115439
115447
115505
115555
115619
115655
115735
115817
115819
115859
115927
115939
115969
115987
116057
116131
116195
116227
116315
116321
116347
116399
116449
116495
116515
116585
116671
116759
116807
116887
116897
116899
116939
116959
117019
117119
117121
117137
117175
117199
117227
117257
117275
117281
117307
117331
117347
117401
117425
117439
117467
117527
117649
117659
117719
117775
117785
117947
117985
118075
118081
118099
118135
118151
118201
118235
118295
118361
118411
118451
118459
118499
118511
118547
118619
118631
118675
118681
118691
118705
118747
118751
118841
118855
118897
118961
118987
118991
119041
119051
119059
119071
119099
119119
119171
119201
119207
119209
119287
119315
119399
119425
119435
119599
119627
119675
119695
119707
119819
119879
119881
119929
12168*26^n-1243
109184
109190
109243
109255
109363
109387
109388
109508
109543
109550
109658
109675
109807
109838
109939
109963
110035
110047
110060
110120
110138
110192
110258
110294
110312
110419
110444
110552
110564
110672
110743
110828
110918
110930
110948
110959
110960
111032
111164
111187
111235
111295
111338
111350
111374
111415
111428
111434
111458
111583
111620
111655
111667
111668
111764
111794
111835
111847
111878
111884
111967
111979
112039
112075
112148
112208
112412
112448
112735
112748
112808
112868
112928
112939
113018
113024
113072
113084
113119
113138
113167
113198
113258
113270
113323
113372
113408
113444
113527
113570
113695
113720
113755
113923
113924
113935
113948
113983
114050
114098
114128
114223
114307
114344
114355
114374
114398
114547
114559
114590
114655
114812
114823
114938
114967
114968
115099
115220
115255
115267
115292
115298
115303
115448
115568
115579
115598
115658
115688
115699
115730
115760
115855
115939
115952
115963
115988
116023
116035
116060
116084
116239
116275
116287
116359
116414
116503
116527
116570
116575
116599
116654
116678
116683
116948
116959
116990
116995
117032
117055
117074
117098
117104
117134
117158
117170
117175
117278
117283
117290
117350
117380
117415
117427
117452
117494
117554
117584
117607
117643
117668
117674
117680
117728
117739
117950
117955
117980
118112
118123
118130
118232
118303
118310
118328
118394
118484
118490
118508
118519
118567
118574
118604
118610
118663
118759
118808
118814
118832
118850
118898
118964
118999
119000
119078
119084
119095
119120
119179
119210
119323
119335
119450
119480
119635
119659
119815
119870
119947
119948
119972
