pmin=753828008797
366*25^n-1
75066
75072
75141
75165
75207
75252
75306
75333
75390
75402
75408
75417
75663
75666
75690
75738
75765
75828
75990
76056
76062
76098
76110
76125
76158
76173
76230
76233
76302
76383
76461
76473
76578
76581
76623
76632
76686
76815
76821
76878
76902
76950
76962
77001
77031
77037
77082
77085
77118
77238
77265
77277
77352
77382
77415
77418
77487
77493
77502
77637
77658
77778
77850
77913
77946
77982
78030
78033
78057
78063
78081
78093
78135
78165
78183
78201
78216
78222
78237
78246
78297
78303
78306
78318
78360
78426
78453
78498
78567
78621
78630
78633
78678
78687
78711
78783
78816
78873
78921
78933
78975
79080
79140
79161
79218
79278
79317
79353
79377
79473
79485
79527
79575
79602
79623
79647
79680
79791
79830
79842
79926
80013
80106
80223
80247
80271
80277
80301
80343
80457
80478
80538
80550
80607
80613
80622
80655
80658
80727
80793
80802
80817
80868
80898
80910
81030
81057
81078
81087
81165
81207
81246
81297
81351
81390
81417
81423
81471
81522
81567
81597
81633
81666
81672
81705
81726
81741
81753
81762
81786
81807
81846
81873
81927
81981
82002
82026
82050
82191
82200
82266
82362
82386
82407
82461
82551
82653
82761
82806
82821
82833
82863
82881
82887
82890
82896
82962
83007
83025
83106
83112
83118
83136
83157
83172
83205
83250
83415
83457
83502
83616
83637
83733
83760
83838
83862
83871
83913
83943
83961
84000
84081
84177
84183
84198
84210
84222
84237
84357
84360
84375
84408
84432
84441
84462
84465
84501
84582
84663
84705
84750
84777
84786
84807
84837
84858
84885
84942
84993
85053
85110
85128
85197
85230
85350
85386
85398
85410
85425
85431
85518
85542
85560
85575
85641
85662
85725
85728
85737
85743
85758
85761
85785
85833
85863
85866
85878
85917
85941
86061
86121
86127
86133
86136
86208
86277
86301
86310
86322
86337
86343
86352
86391
86457
86466
86538
86562
86568
86586
86607
86682
86703
86706
86733
86757
86805
86823
86865
87006
87021
87078
87087
87138
87222
87240
87303
87321
87381
87417
87426
87525
87567
87597
87642
87741
87777
87780
87801
87813
87942
87957
87978
88002
88026
88071
88086
88125
88137
88242
88263
88356
88398
88410
88512
88518
88530
88533
88551
88557
88638
88647
88665
88758
88815
88890
88935
88950
88962
88983
89055
89082
89085
89133
89166
89178
89205
89271
89376
89415
89421
89463
89490
89505
89562
89586
89598
89616
89622
89658
89673
89727
89802
89865
90015
90030
90063
90150
90177
90237
90261
90273
90366
90378
90402
90426
90447
90558
90618
90642
90705
90765
90798
90801
90846
90918
90927
90966
91050
91137
91143
91263
91338
91407
91455
91488
91617
91650
91725
91752
92055
92097
92103
92121
92130
92157
92208
92256
92298
92310
92343
92367
92385
92397
92400
92457
92505
92673
92730
92751
92973
93000
93015
93072
93093
93135
93153
93162
93177
93183
93207
93210
93222
93318
93357
93390
93402
93447
93471
93477
93480
93498
93546
93633
93663
93696
93726
93798
93828
93882
93897
93903
93966
93993
94053
94101
94146
94152
94158
94167
94173
94266
94287
94290
94335
94365
94416
94518
94527
94530
94662
94725
94761
94797
94830
94890
94905
94983
94998
95013
95103
95127
95133
95151
95226
95262
95310
95343
95361
95415
95418
95550
95586
95640
95697
95700
95706
95712
95721
95805
95826
95880
95943
95961
95985
95991
96015
96090
96117
96126
96153
96258
96285
96366
96390
96423
96426
96456
96582
96633
96657
96666
96738
96753
96777
96825
96852
96888
96966
96975
97002
97017
97071
97098
97110
97143
97146
97152
97182
97218
97365
97590
97605
97623
97650
97665
97698
97797
97833
97887
97926
97935
97938
97968
97983
98001
98055
98121
98223
98298
98310
98313
98337
98346
98367
98448
98487
98493
98502
98526
98583
98622
98637
98697
98775
98802
98823
98880
98958
99012
99042
99102
99177
99207
99237
99423
99426
99450
99471
99498
99501
99552
99561
99621
99711
99765
99933
99957
99993
100041
100047
100182
100200
100233
100242
100278
100287
100398
100416
100425
100518
100530
100557
100566
100593
100605
100647
100740
100815
100905
100938
100962
100965
100977
101010
101106
101112
101166
101223
101253
101277
101301
101358
101367
101382
101397
101415
101418
101472
101610
101613
101625
101655
101682
101793
101958
101991
102015
102090
102273
102282
102285
102330
102390
102471
102477
102498
102537
102546
102573
102681
102705
102717
102822
102825
102861
102981
103086
103143
103167
103185
103191
103311
103338
103353
103422
103455
103527
103590
103602
103671
103698
103743
103761
103767
103815
103821
103941
103950
103953
103983
103986
104016
104088
104142
104175
104280
104301
104340
104346
104406
104493
104541
104628
104637
104703
104736
104751
104880
104925
104967
104973
104982
105015
105030
105063
105081
105093
105138
105162
105165
105201
105210
105351
105366
105378
105447
105453
105462
105525
105597
105738
105777
105786
105798
105813
105858
105873
105933
105957
105978
106002
106047
106113
106146
106191
106296
106302
106353
106386
106410
106425
106497
106500
106575
106608
106782
106818
106866
106872
106878
106917
106986
107031
107037
107190
107241
107271
107277
107391
107433
107442
107490
107493
107511
107607
107613
107706
107766
107802
107817
107877
107925
107985
107991
108063
108087
108093
108135
108141
108153
108192
108198
108201
108306
108333
108342
108408
108423
108477
108522
108573
108597
108657
108753
108762
108783
108801
108807
108846
108882
108921
108981
109053
109071
109086
109092
109143
109197
109341
109383
109386
109410
109557
109593
109602
109638
109680
109713
109752
109785
109866
110010
110037
110058
110061
110082
110112
110313
110328
110400
110442
110463
110490
110493
110511
110541
110646
110805
110838
110841
110913
110925
110946
111021
111033
111090
111105
111141
111165
111222
111231
111360
111378
111381
111438
111453
111537
111567
111576
111591
111663
111717
111735
111765
111813
111846
111858
111906
111927
111933
111951
112002
112026
112047
112050
112062
112086
112128
112182
112185
112296
112326
112338
112398
112431
112575
112617
112623
112677
112710
112818
112866
112887
112893
112917
112950
112965
112998
113007
113046
113058
113166
113181
113343
113382
113535
113565
113592
113607
113625
113682
113703
113727
113781
113823
113841
113850
113877
113910
113925
113973
114030
114111
114207
114216
114273
114342
114405
114423
114465
114471
114537
114648
114687
114693
114735
114750
114753
114858
114861
114882
114897
114978
115017
115032
115050
115080
115098
115152
115233
115302
115335
115341
115383
115455
115458
115530
115536
115542
115557
115590
115653
115785
115806
115857
115881
115893
116022
116058
116103
116157
116298
116322
116325
116343
116367
116376
116430
116436
116481
116538
116550
116616
116625
116697
116703
116718
116730
116775
116778
116781
116808
116841
116913
117021
117090
117135
117177
117183
117213
117240
117375
117408
117456
117480
117513
117537
117642
117690
117705
117753
117786
117801
117837
117960
117975
118002
118056
118098
118197
118206
118215
118287
118398
118401
118455
118461
118473
118482
118506
118560
118566
118593
118602
118650
118662
118698
118725
118743
118746
118752
118773
118833
118878
118926
118941
119022
119061
119082
119097
119121
119250
119262
119271
119316
119322
119400
119421
119430
119460
119481
119505
119511
119562
119655
119775
119781
119805
119871
119892
119958
119973
120000
925*25^n+63
109173
109203
109227
109245
109325
109355
109403
109415
109479
109493
109499
109527
109533
109535
109605
109607
109623
109635
109659
109707
109779
109943
109949
109979
109997
110069
110093
110099
110117
110195
110243
110267
110307
110309
110333
110397
110423
110447
110507
110517
110525
110589
110595
110627
110639
110643
110645
110663
110717
110783
110789
110795
110813
110823
110877
110933
111059
111063
111147
111165
111243
111315
111333
111407
111435
111477
111479
111509
111543
111579
111587
111599
111707
111755
111773
111783
111795
111837
111885
112019
112067
112103
112107
112109
112115
112133
112139
112215
112229
112235
112245
112253
112397
112463
112469
112487
112499
112587
112607
112655
112667
112695
112703
112787
112829
112839
112853
112955
112973
112979
112989
113037
113045
113147
113189
113307
113349
113379
113405
113475
113523
113637
113759
113789
113795
113855
113903
113927
113987
114023
114077
114099
114107
114195
114215
114263
114339
114365
114485
114503
114645
114683
114747
114773
114797
114803
114815
114819
114839
114923
115115
115157
115175
115187
115205
115259
115269
115275
115293
115323
115325
115365
115397
115403
115415
115463
115485
115509
115535
115547
115559
115643
115667
115703
115727
115733
115773
115829
115899
115923
116075
116187
116189
116205
116267
116283
116327
116357
116439
116499
116517
116547
116637
116679
116687
116709
116735
116787
116855
116907
116909
116915
116933
116957
116967
116999
117023
117047
117059
117077
117119
117155
117167
117267
117303
117357
117419
117479
117485
117507
117543
117557
117575
117599
117623
117743
117755
117845
117875
117899
117965
117975
118043
118059
118077
118083
118103
118109
118119
118157
118235
118245
118263
118299
118325
118349
118373
118397
118407
118415
118559
118583
118587
118595
118605
118659
118707
118727
118763
118859
118875
118919
118923
118943
118973
119015
119045
119093
119255
119325
119327
119355
119379
119387
119399
119415
119429
119483
119495
119519
119555
119613
119615
119627
119667
119675
119699
119717
119733
119739
119805
119843
119855
119877
119939
119955
119963
119973
4975*25^n-111
109131
109133
109137
109157
109175
109245
109277
109365
109403
109443
109487
109493
109505
109515
109595
109641
109661
109707
109715
109751
109757
109785
109805
109835
109847
109851
109875
109901
109973
109995
110081
110087
110103
110135
110183
110195
110211
110235
110243
110267
110271
110297
110321
110381
110577
110591
110613
110643
110733
110747
110793
110795
110811
110865
110883
111011
111053
111111
111125
111135
111171
111255
111273
111275
111315
111383
111387
111455
111467
111471
111507
111513
111515
111597
111621
111677
111723
111741
111761
111801
111803
111815
111837
111867
111873
111891
111903
111941
111963
112083
112137
112211
112215
112217
112223
112241
112245
112287
112343
112361
112493
112577
112643
112677
112683
112685
112727
112767
112775
112785
112787
112791
112881
112883
112925
113033
113075
113117
113145
113231
113253
113303
113351
113415
113421
113505
113511
113531
113543
113601
113615
113651
113655
113723
113847
113853
113883
113945
113961
114015
114033
114041
114045
114125
114213
114303
114315
114317
114341
114371
114447
114455
114527
114593
114677
114785
114791
114815
114845
114861
114911
114923
114971
114995
115055
115073
115077
115085
115181
115265
115373
115395
115473
115535
115547
115563
115637
115671
115701
115715
115755
115791
115833
115917
115931
115991
116031
116051
116061
116085
116135
116151
116157
116207
116243
116303
116355
116417
116421
116427
116463
116547
116553
116597
116637
116723
116735
116801
116831
116837
116843
116861
116877
116933
116985
117017
117051
117053
117107
117131
117155
117233
117275
117285
117293
117311
117321
117383
117437
117515
117527
117545
117633
117645
117647
117653
117663
117671
117755
117803
117815
117881
117887
117911
117947
117965
117971
117977
117983
118011
118137
118181
118191
118227
118245
118265
118283
118293
118307
118311
118383
118517
118535
118541
118553
118565
118583
118605
118713
118725
118775
118821
118865
118965
119013
119145
119181
119237
119255
119405
119417
119445
119451
119463
119481
119577
119603
119613
119741
119753
119811
119831
119861
119873
119901
119981
119993
7729*25^n-1
109135
109141
109165
109183
109213
109231
109237
109273
109291
109327
109435
109459
109507
109663
109735
109741
109801
109843
109885
109987
109993
110023
110053
110083
110107
110149
110233
110293
110299
110329
110395
110431
110527
110533
110647
110713
110743
110797
110845
111019
111043
111061
111079
111091
111115
111181
111229
111253
111295
111379
111385
111445
111475
111541
111583
111607
111619
111625
111703
111757
111775
111787
111811
111865
111883
111943
111967
111997
112039
112051
112117
112171
112243
112249
112279
112303
112333
112351
112381
112525
112549
112573
112579
112675
112777
112825
112837
112909
112933
113095
113119
113155
113167
113239
113353
113359
113455
113515
113581
113587
113599
113605
113647
113701
113719
113785
113803
113821
113833
113887
113935
113959
113965
113977
113989
114019
114091
114157
114229
114253
114379
114475
114487
114523
114571
114595
114649
114709
114715
114775
114787
114805
114841
114847
114973
114985
114991
115021
115039
115045
115171
115189
115219
115303
115309
115333
115417
115447
115531
115603
115669
115747
115801
115807
115831
115861
115903
116005
116059
116107
116167
116245
116269
116275
116341
116425
116455
116503
116551
116587
116671
116773
116815
116827
116971
117013
117037
117115
117133
117163
117199
117223
117289
117325
117415
117493
117607
117625
117643
117655
117727
117763
117787
117805
117823
117949
117961
117991
118015
118039
118093
118111
118237
118243
118249
118255
118267
118333
118339
118381
118501
118519
118651
118675
118771
118915
118951
118975
119083
119131
119227
119257
119341
119389
119587
119611
119671
119695
119767
119773
119863
119923
119929
119971
8425*25^n+311
109219
109543
109627
109693
109747
109789
109795
109843
109975
110023
110029
110155
110227
110269
110317
110335
110527
110533
110587
110887
111019
111103
111109
111163
111277
111325
111397
111439
111493
111523
111679
111727
111823
111829
111847
111853
112027
112045
112087
112123
112159
112189
112237
112405
112477
112483
112573
112579
112939
113029
113077
113179
113197
113203
113215
113485
113653
113659
113683
113719
113755
113839
113935
113965
114007
114019
114055
114133
114223
114229
114283
114349
114367
114379
114463
114565
114589
114595
114619
114733
114757
114763
114775
114787
114877
114925
115027
115045
115087
115135
115237
115303
115309
115315
115483
115519
115549
115603
115639
115675
115717
115813
115855
115927
116029
116047
116173
116347
116383
116467
116527
116533
116557
116743
116773
116917
116959
117085
117199
117307
117349
117487
117547
117565
117757
117829
118207
118219
118423
118429
118639
118717
118807
118843
118879
118909
118963
118975
118999
119005
119203
119293
119335
119347
119479
119539
119623
119749
119767
119827
119959
8737*25^n-1
109195
109273
109411
109555
109681
109735
109741
109771
109933
110023
110095
110425
110545
110653
110941
111103
111553
111715
111721
111793
111823
111895
111901
111913
111931
111973
112201
112333
112345
112543
112585
112633
112723
112765
112813
112945
113065
113191
113341
113353
113533
113803
113983
114133
114235
114253
114421
114493
114565
114775
114955
114991
115033
115081
115171
115213
115243
115321
115351
115585
115645
115693
115801
115933
116341
116503
116593
116791
116863
117013
117043
117115
117205
117223
117241
117295
117313
117373
117385
117421
117511
117661
117763
118021
118345
118525
118555
118753
118771
118825
118843
119293
119425
119461
119605
119725
119833
119893
9375*25^n+524
109149
109299
109716
109959
110031
110271
110379
110649
111921
111984
112161
112659
113151
113181
113331
113361
113559
113601
114936
115071
115221
115419
115701
115764
117111
117339
118011
118041
118329
118536
118959
119049
119199
119229
119409
119631
119721
119724
13775*25^n+8
109148
109156
109204
109226
109256
109274
109328
109352
109354
109436
109456
109504
109616
109706
109718
109748
109772
109798
109828
109864
109868
109918
109942
110072
110162
110252
110254
110282
110296
110306
110344
110348
110458
110518
110582
110584
110666
110674
110708
110746
110842
110912
110914
110932
111034
111052
111076
111134
111142
111164
111176
111254
111286
111302
111368
111394
111566
111598
111626
111662
111692
111694
111832
111836
111856
111862
111878
111922
111968
111986
112066
112082
112108
112168
112198
112294
112394
112396
112408
112448
112534
112586
112594
112618
112742
112802
113012
113032
113062
113116
113174
113194
113204
113216
113234
113266
113312
113392
113416
113452
113486
113516
113582
113584
113636
113656
113678
113732
113788
113824
113858
113864
113914
113948
113956
114002
114062
114076
114146
114254
114296
114448
114476
114478
114508
114518
114538
114544
114572
114608
114686
114772
114802
114826
114832
114868
114926
114946
114968
114982
115006
115012
115022
115024
115036
115042
115048
115094
115114
115118
115124
115168
115196
115204
115286
115342
115378
115528
115556
115576
115628
115636
115706
115754
115762
115778
115822
115834
115852
115862
115892
115906
115952
115966
116036
116062
116098
116116
116158
116216
116218
116252
116336
116398
116452
116512
116542
116582
116596
116608
116626
116662
116746
116762
116764
116806
116834
116846
116848
116884
116896
116912
116984
116986
116996
117002
117008
117014
117044
117052
117088
117136
117154
117238
117256
117268
117274
117278
117382
117424
117446
117458
117476
117506
117512
117568
117586
117646
117668
117736
117752
117778
117908
117946
117952
118004
118006
118048
118058
118072
118096
118136
118172
118202
118312
118324
118382
118438
118468
118478
118556
118622
118636
118646
118652
118676
118678
118688
118708
118732
118774
118886
118894
118936
118942
118982
119002
119012
119038
119042
119054
119084
119098
119108
119114
119158
119186
119192
119224
119228
119254
119284
119306
119312
119318
119332
119408
119422
119534
119612
119668
119756
119798
119812
119824
119882
119884
119948
119962
34525*25^n-53
109202
109214
109238
109250
109286
109448
109466
109472
109670
109736
109760
109826
109832
109862
109904
109970
110006
110048
110120
110294
110318
110390
110462
110552
110618
110750
110840
110906
111002
111014
111038
111074
111110
111128
111158
111176
111230
111302
111374
111446
111506
111542
111578
111632
111704
111866
111878
111902
111968
111974
112040
112058
112166
112226
112262
112310
112328
112334
112370
112406
112418
112472
112634
112688
112706
112760
112886
112910
112946
113018
113102
113174
113246
113270
113360
113408
113486
113594
113606
113624
113666
113702
113786
113822
113840
113846
113858
113966
114002
114056
114134
114146
114182
114290
114362
114434
114530
114650
114710
114746
114776
114800
114818
114848
114926
115016
115064
115106
115232
115298
115358
115394
115406
115430
115502
115592
115640
115784
115790
115862
115928
115970
116000
116222
116270
116342
116378
116432
116630
116702
116738
116744
116762
116798
116864
116882
116888
117032
117062
117086
117134
117242
117278
117350
117512
117554
117638
117662
117752
117800
117824
117878
117986
117998
118070
118106
118112
118238
118274
118310
118322
118490
118502
118526
118574
118670
118682
118754
118778
118808
118850
118904
118934
118952
118970
118994
119030
119078
119096
119168
119174
119282
119384
119408
119624
119672
119762
119816
119858
119870
56375*25^n+19
109145
109211
109259
109265
109313
109373
109427
109439
109445
109541
109601
109607
109625
109673
109721
109733
109757
109859
109931
109949
110015
110099
110183
110237
110279
110321
110327
110447
110453
110519
110525
110549
110645
110693
110699
110789
110855
110981
110993
111023
111137
111185
111191
111353
111419
111557
111575
111647
111653
111665
111671
111683
111707
111713
111731
111749
111773
111833
111863
111899
111953
112019
112031
112049
112109
112115
112127
112169
112247
112259
112283
112331
112397
112415
112427
112463
112547
112709
112787
112829
112901
113027
113033
113123
113141
113171
113207
113225
113255
113291
113303
113363
113429
113435
113471
113501
113513
113555
113579
113621
113633
113669
113681
113759
113801
113843
113909
113915
113927
113933
114047
114077
114083
114131
114293
114395
114473
114521
114545
114551
114899
114935
115013
115055
115073
115139
115145
115265
115361
115379
115481
115559
115595
115607
115691
115715
115829
115859
115913
115943
115955
115973
116093
116177
116201
116225
116237
116309
116321
116369
116375
116441
116483
116621
116747
116771
116783
116795
116831
116861
116945
116981
117065
117077
117209
117281
117293
117299
117329
117341
117377
117383
117455
117491
117563
117581
117605
117659
117689
117737
117773
117785
117803
117821
117911
117953
117989
118007
118073
118091
118181
118223
118241
118307
118379
118415
118421
118433
118463
118583
118613
118631
118679
118697
118781
118895
118931
118973
119009
119015
119033
119039
119045
119081
119147
119171
119213
119261
119375
119411
119459
119555
119633
119723
119753
119837
119897
119903
109975*25^n-111
109118
109316
109502
109508
109580
109622
110006
110072
110168
110480
110552
110576
110588
110600
110720
110828
110966
111302
111320
111350
111470
111476
112076
112160
112310
112526
112700
112748
112856
112862
112982
113096
113150
113192
113336
113390
113516
113558
113582
113612
113768
113798
114176
114200
114248
114368
114380
114638
114680
114788
114800
114926
114968
115016
115220
115280
115460
115478
115712
115718
115868
116006
116180
116270
116276
116432
116438
116486
116750
116792
116936
117032
117056
117272
117278
117368
117440
117608
117716
118028
118118
118166
118190
118208
118286
118460
118580
118790
118796
118808
118910
119252
119312
119456
119576
119606
119828
119840
119870
119942
119972
225625*25^n+8399
109162
109240
109270
109312
109390
109462
109480
109498
109522
109570
109678
109786
109792
109822
109846
109936
110062
110080
110098
110296
110368
110440
110488
110512
110530
110542
110560
110602
110710
110866
110890
110902
110962
110968
110992
111178
111190
111322
111466
111478
111538
111568
111760
111766
111880
111898
111910
111970
111976
112018
112168
112192
112240
112270
112480
112522
112546
112552
112648
112666
112696
112726
112762
112810
112906
112912
112918
112942
112960
112978
112990
113122
113152
113512
113518
113626
113656
113752
113806
113818
113890
113998
114112
114136
114160
114238
114280
114418
114526
114712
114778
114862
114880
114898
115000
115066
115282
115312
115318
115336
115426
115432
115456
115462
115546
115618
115696
115750
115762
115840
115906
116032
116176
116200
116272
116482
116590
116662
116806
116830
116842
116920
117040
117298
117382
117442
117496
117568
117616
117838
118096
118120
118192
118216
118312
118378
118390
118450
118480
118486
118666
118702
118786
118810
118990
119002
119080
119242
119278
119320
119350
119422
119470
119506
119560
119638
119656
119680
119722
119776
119920
119998
330625*25^n+8399
109229
109235
109283
109409
109499
109505
109529
109553
109625
109637
109709
109739
109769
109829
109835
109865
109883
109907
110003
110009
110177
110249
110267
110435
110597
110645
110693
110789
110849
110867
111065
111083
111275
111299
111377
111389
111437
111569
111593
111605
111659
111845
111899
111905
112013
112109
112265
112307
112403
112433
112445
112499
112517
112523
112529
112625
112757
112859
112889
112949
113057
113075
113147
113165
113273
113393
113405
113555
113579
113609
113657
113669
113789
113933
113939
113969
113993
114059
114083
114089
114149
114155
114275
114299
114413
114419
114437
114635
114683
114785
114917
114929
115235
115385
115493
115499
115577
115667
115835
115859
115937
115949
115955
116045
116267
116273
116357
116363
116387
116585
116603
116669
116693
116753
116813
116819
116915
116963
117059
117293
117317
117395
117413
117425
117443
117509
117557
117569
117587
117725
117749
117869
118037
118085
118157
118163
118193
118265
118277
118349
118355
118457
118595
118619
118673
118697
118817
119045
119195
119249
119333
119459
119537
119603
119693
119699
119819
119867
119915
2828125*25^n-75077
109142
109162
109196
109244
109252
109298
109330
109354
109358
109394
109414
109502
109550
109642
109718
109726
109772
109774
109858
109900
109982
109988
110026
110036
110068
110164
110222
110234
110276
110398
110506
110540
110546
110612
110674
110708
110734
110738
110756
110828
110932
111044
111076
111188
111202
111356
111388
111410
111482
111518
111574
111806
111926
111962
111998
112018
112036
112124
112348
112364
112396
112612
112642
112708
112750
112798
112852
112868
112922
112948
112990
113026
113194
113258
113318
113330
113338
113398
113404
113444
113590
113674
113678
113698
113726
113758
113762
113884
113908
113950
113956
113996
114014
114028
114038
114086
114110
114146
114412
114446
114506
114518
114532
114542
114572
114574
114590
114628
114658
114668
114724
114734
114742
114794
114860
114884
114892
114982
114994
115006
115084
115228
115382
115444
115486
115498
115508
115532
115588
115622
115708
115750
115778
115838
115994
116002
116030
116036
116054
116090
116140
116354
116414
116450
116462
116558
116594
116732
116750
116774
116786
116788
116858
116900
116918
116954
117010
117038
117142
117292
117346
117358
117514
117524
117548
117622
117818
117850
117898
117922
117934
118046
118060
118126
118142
118172
118252
118276
118550
118594
118606
118660
118682
118690
118802
118862
118900
118930
118942
118996
119036
119050
119054
119074
119162
119218
119260
119362
119396
119518
119530
119546
119572
119582
119618
119630
119644
119668
119698
119756
119780
119788
119810
119908
119924
119954
119956
