pmin=281455028903
567*27^n-151
25289
25297
25365
25513
25577
25609
25633
25657
25669
25697
25737
25765
25873
25929
25973
25989
26065
26113
26273
26277
26389
26597
26613
26649
26705
26793
26805
26873
27017
27153
27157
27205
27273
27313
27369
27397
27417
27449
27505
27525
27553
27633
27673
27733
27889
27937
27957
28017
28025
28037
28073
28225
28309
28357
28385
28405
28425
28453
28469
28473
28489
28505
28537
28569
28613
28617
28645
28665
28673
28693
28869
28977
28993
29029
29049
29089
29109
29113
29185
29305
29465
29493
29665
29673
29685
29737
29809
29857
29865
29913
30037
30089
30149
30153
30193
30225
30277
30417
30449
30489
30553
30593
30697
30849
30853
30897
30913
30953
31077
31193
31337
31429
31449
31493
31573
31605
31665
31689
31697
31713
31845
31873
31909
32053
32073
32145
32273
32313
32437
32497
32617
32629
32645
32649
32757
32785
32789
32885
32913
32965
32993
33009
33033
33065
33153
33173
33345
33417
33625
33689
33777
33825
33893
33929
33937
34053
34057
34085
34225
34265
34345
34433
34465
34469
34517
34549
34553
34693
34705
34725
34837
34905
34985
35009
35025
35057
35113
35129
35145
35217
35305
35317
35329
35333
35337
35353
35457
35513
35525
35529
35557
35577
35633
35685
35733
35737
35769
35785
35797
35809
35909
36213
36273
36309
36313
36389
36497
36553
36565
36625
36633
36673
36737
36745
36753
36849
36953
36965
36985
37045
37073
37153
37297
37349
37369
37385
37433
37457
37465
37473
37509
37577
37585
37609
37673
37689
37865
37929
37937
38085
38089
38105
38149
38185
38385
38437
38457
38473
38549
38565
38629
38649
38657
38729
38853
38857
38869
38917
38969
39045
39097
39145
39189
39217
39269
39305
39337
39377
39393
39397
39413
39489
39537
39545
39589
39653
39673
39717
39809
39897
39909
39925
40133
40225
40265
40273
40449
40485
40489
40529
40533
40537
40549
40593
40745
40785
40789
40849
40905
40917
40949
40965
41049
41073
41093
41173
41193
41217
41253
41257
41265
41317
41385
41409
41417
41433
41593
41685
41733
41745
41785
41957
41977
41985
41989
42057
42133
42193
42213
42217
42245
42249
42273
42325
42393
42409
42425
42453
42505
42517
42577
42609
42673
42709
42725
42753
42785
42873
42993
43105
43157
43177
43189
43285
43289
43365
43397
43429
43505
43557
43589
43593
43605
43697
43749
43765
44053
44065
44145
44169
44193
44217
44225
44293
44329
44389
44449
44529
44597
44629
44689
44745
44785
44853
44857
44917
44949
45153
45233
45237
45273
45377
45465
45529
45593
45673
45733
45793
45893
45929
46053
46089
46117
46133
46145
46225
46353
46377
46457
46529
46549
46569
46617
46705
46757
46865
46869
46885
46897
46929
46953
46965
47025
47137
47173
47209
47353
47365
47413
47497
47605
47673
47713
47749
47769
47797
47905
47989
48009
48165
48177
48265
48277
48325
48329
48457
48485
48545
48593
48633
48649
48693
48697
48737
48757
48769
48793
48817
48825
48873
48897
48913
48953
49065
49105
49113
49137
49169
49209
49233
49237
49257
49269
49317
49545
49585
49605
49849
49889
49909
49953
50033
50037
50085
50145
50149
50213
50245
50265
50293
50357
50377
50465
50505
50537
50677
50689
50865
50977
50985
51057
51189
51285
51289
51409
51625
51633
51669
51733
51765
51785
51817
51833
51873
51877
51957
52085
52129
52185
52373
52393
52425
52437
52485
52489
52517
52533
52545
52553
52585
52597
52613
52657
52689
52693
52753
52769
52793
53065
53157
53189
53193
53205
53217
53289
53313
53377
53397
53433
53497
53557
53705
53745
53833
53937
53985
54037
54217
54225
54229
54265
54309
54425
54529
54597
54629
54645
54673
54693
54713
54789
54857
54985
54993
54997
55045
55153
55189
55233
55253
55305
55397
55449
55497
55505
55529
55557
55609
55665
55685
55717
55737
55765
55793
55925
56037
56229
56277
56377
56513
56585
56657
56693
56697
56805
56825
56853
56897
56953
56965
56969
57009
57025
57057
57109
57157
57169
57189
57193
57269
57273
57285
57345
57349
57385
57429
57449
57473
57477
57505
57529
57545
57609
57625
57637
57649
57657
57733
57745
57753
57797
57873
57973
57989
57993
58005
58113
58153
58177
58353
58369
58417
58457
58513
58529
58625
58645
58673
58705
58837
58853
58897
58905
58933
58949
58985
59029
59089
59145
59205
59217
59249
59313
59345
59409
59509
59537
59685
59745
59897
59913
59989
5832*27^n+253
25314
25390
25398
25414
25458
25558
25614
25650
25654
25698
25734
25762
25810
25890
25902
25938
26082
26118
26194
26338
26574
26646
26686
26818
26830
26886
27010
27078
27138
27154
27202
27222
27238
27342
27346
27390
27426
27430
27454
27558
27570
27598
27618
27622
27714
27778
27798
27846
27870
28014
28018
28146
28434
28518
28542
28578
28606
28638
28770
28882
28914
28918
28926
29010
29026
29122
29218
29238
29250
29302
29334
29358
29374
29490
29590
29614
29646
29766
29842
29854
29890
30078
30094
30102
30274
30486
30550
30594
30690
30738
30834
30918
30946
31054
31062
31086
31110
31138
31230
31318
31326
31362
31378
31486
31710
31734
31782
31810
31822
31854
31990
32022
32050
32082
32110
32134
32262
32302
32406
32454
32566
32626
32722
32766
32830
32862
32866
32910
32958
33042
33046
33078
33118
33126
33138
33142
33154
33166
33198
33250
33414
33538
33558
33606
33630
33750
33790
33870
33874
34002
34098
34182
34246
34258
34290
34390
34674
34818
34882
35086
35118
35262
35298
35326
35470
35506
35854
35874
35886
35910
35938
35958
35982
36082
36094
36142
36166
36190
36262
36310
36322
36358
36402
36462
36498
36526
36534
36894
36942
36982
37062
37122
37150
37158
37174
37218
37270
37278
37410
37414
37470
37542
37606
37654
37666
37698
37782
37906
37926
37974
38014
38086
38110
38142
38238
38334
38350
38418
38542
38550
38562
38590
38614
38770
38866
38914
38998
39094
39102
39106
39174
39270
39318
39382
39426
39438
39462
39558
39654
39678
39694
39750
39766
39810
39838
39846
39874
39942
40018
40030
40086
40210
40258
40398
40462
40470
40494
40558
40606
40722
40782
40806
40966
41026
41038
41070
41190
41206
41230
41278
41302
41310
41314
41358
41362
41446
41502
41554
41602
41646
41682
41698
41734
41742
41814
41910
41982
42018
42070
42162
42318
42354
42382
42406
42486
42526
42550
42562
42630
42774
42798
42846
42886
42946
43014
43042
43054
43134
43138
43222
43234
43282
43414
43422
43494
43534
43570
43582
43614
43702
43794
43798
43854
43890
43906
43918
43938
44002
44034
44050
44082
44134
44274
44290
44310
44326
44370
44422
44466
44562
44622
44638
44718
44766
44838
44850
44886
44958
45094
45154
45166
45250
45366
45406
45490
45570
45598
45630
45714
45822
45858
45906
45966
45990
46018
46222
46242
46246
46258
46302
46402
46434
46510
46530
46542
46558
46582
46654
46722
46734
46770
46918
47014
47022
47058
47062
47106
47110
47118
47230
47238
47358
47422
47506
47586
47602
47646
47694
47730
47746
47758
48006
48034
48066
48118
48126
48162
48178
48190
48258
48334
48358
48526
48610
48658
48694
48754
48834
48918
48946
48990
48994
49254
49270
49294
49342
49374
49458
49518
49618
49666
49678
49806
49842
49858
50002
50022
50038
50046
50050
50194
50310
50338
50358
50434
50478
50598
50674
50694
50718
50742
50770
50878
50934
51010
51138
51142
51246
51366
51726
51810
51814
51990
52002
52098
52102
52150
52182
52194
52222
52254
52318
52350
52486
52518
52542
52566
52578
52614
52654
52770
52774
52786
52830
52854
52894
52966
52978
53070
53110
53122
53158
53190
53202
53442
53454
53494
53634
53746
53826
53878
53886
53922
53934
53974
54006
54018
54034
54130
54210
54222
54246
54294
54342
54438
54462
54562
54594
54606
54706
54726
54802
54838
54846
54886
54918
55134
55222
55234
55254
55294
55314
55318
55426
55602
55614
55630
55654
55714
55758
55906
55918
56130
56146
56214
56238
56254
56338
56430
56514
56574
56674
56790
56830
56854
56862
56898
56998
57030
57126
57186
57198
57250
57294
57346
57378
57570
57574
57646
57654
57862
57906
58078
58198
58254
58270
58290
58318
58338
58342
58354
58414
58422
58470
58494
58498
58662
58734
58750
58786
58834
58866
58918
59010
59070
59086
59266
59326
59334
59346
59362
59454
59458
59490
59494
59506
59602
59622
59634
59718
59814
59838
59854
59878
59934
59958
59998
7290*27^n+697
25309
25333
25363
25367
25405
25409
25433
25435
25447
25457
25469
25499
25505
25573
25625
25649
25673
25675
25697
25727
25747
25765
25775
25795
25823
25837
25849
25879
25925
25933
25949
25967
26045
26053
26059
26065
26075
26089
26135
26147
26167
26197
26207
26209
26275
26299
26309
26327
26389
26395
26399
26405
26413
26429
26465
26497
26545
26549
26563
26579
26587
26599
26683
26705
26717
26755
26759
26783
26863
26867
26887
26915
26917
26959
26969
26975
26987
26993
27037
27065
27073
27143
27145
27149
27155
27197
27253
27257
27263
27283
27289
27313
27325
27329
27377
27403
27409
27439
27445
27475
27485
27487
27533
27535
27617
27623
27643
27677
27697
27703
27725
27727
27745
27755
27769
27797
27817
27847
27853
27883
27895
27905
27913
27923
27935
27955
27965
28027
28073
28085
28117
28123
28133
28163
28169
28177
28289
28333
28403
28459
28525
28547
28553
28583
28585
28603
28609
28615
28639
28663
28697
28715
28727
28735
28739
28763
28813
28823
28847
28915
28957
28967
28969
28999
29009
29027
29065
29069
29083
29117
29129
29159
29173
29177
29203
29225
29239
29273
29275
29285
29303
29393
29417
29419
29455
29497
29519
29569
29585
29615
29659
29677
29693
29699
29735
29759
29777
29789
29809
29827
29855
29875
29915
29923
29927
30007
30013
30029
30035
30037
30043
30053
30059
30097
30109
30115
30139
30173
30175
30193
30227
30235
30245
30263
30313
30323
30325
30343
30359
30409
30419
30433
30497
30505
30509
30515
30539
30553
30557
30559
30563
30569
30583
30587
30599
30619
30629
30647
30667
30679
30703
30715
30725
30733
30743
30757
30763
30767
30773
30829
30833
30865
30869
30893
30983
30995
31007
31015
31037
31043
31123
31153
31177
31187
31193
31225
31243
31285
31309
31313
31349
31355
31367
31369
31379
31387
31393
31399
31427
31433
31487
31523
31535
31537
31603
31607
31639
31649
31675
31697
31705
31733
31799
31837
31843
31865
31943
31955
31963
31985
31987
31993
32003
32009
32015
32033
32057
32065
32075
32083
32089
32095
32107
32207
32213
32233
32255
32275
32299
32353
32363
32389
32405
32419
32453
32473
32489
32497
32509
32513
32515
32519
32525
32587
32629
32639
32663
32705
32717
32723
32765
32767
32803
32845
32863
32879
32897
32899
32935
32999
33053
33059
33125
33175
33187
33199
33307
33313
33319
33359
33373
33409
33443
33449
33527
33533
33539
33545
33553
33589
33605
33617
33653
33679
33719
33787
33835
33845
33857
33889
33893
33895
33905
33929
33943
34009
34067
34073
34087
34103
34177
34255
34283
34307
34325
34349
34373
34423
34477
34495
34513
34573
34589
34607
34613
34637
34655
34675
34699
34709
34735
34763
34765
34787
34817
34879
34885
34889
34907
34949
34957
34967
34973
34985
35045
35057
35075
35137
35185
35219
35239
35287
35335
35345
35347
35405
35437
35443
35447
35483
35495
35503
35575
35587
35603
35639
35657
35687
35749
35753
35755
35773
35779
35795
35803
35813
35839
35873
35885
35893
35905
35945
35947
35957
35969
36007
36049
36055
36079
36085
36103
36125
36127
36133
36143
36145
36175
36185
36215
36233
36245
36259
36283
36287
36293
36299
36325
36373
36427
36445
36485
36527
36545
36547
36565
36589
36593
36595
36613
36647
36653
36679
36695
36709
36713
36745
36749
36763
36769
36775
36797
36809
36839
36845
36857
36883
36895
36905
37049
37073
37099
37133
37163
37189
37205
37237
37247
37277
37297
37307
37315
37325
37339
37369
37417
37445
37447
37463
37465
37469
37475
37517
37519
37525
37573
37577
37619
37723
37753
37765
37795
37813
37817
37819
37897
37933
37937
37945
37963
37997
38005
38077
38087
38119
38123
38147
38155
38197
38203
38207
38213
38233
38347
38353
38359
38395
38417
38435
38477
38483
38489
38495
38509
38525
38533
38627
38635
38675
38695
38723
38725
38759
38777
38807
38815
38845
38855
38869
38885
38915
38945
38953
38957
38975
38993
39013
39025
39037
39043
39067
39107
39205
39217
39223
39233
39299
39317
39323
39365
39403
39419
39439
39469
39503
39509
39529
39535
39545
39553
39565
39577
39583
39635
39649
39667
39685
39689
39695
39713
39727
39733
39739
39793
39803
39805
39823
39833
39845
39859
39895
39913
39955
39967
39985
40013
40025
40063
40117
40163
40187
40195
40199
40207
40219
40273
40285
40303
40337
40363
40405
40447
40457
40459
40483
40489
40537
40553
40565
40567
40579
40613
40615
40637
40643
40667
40669
40693
40699
40705
40747
40757
40777
40853
40859
40873
40927
40969
40975
40987
40999
41015
41029
41057
41147
41173
41213
41255
41267
41273
41323
41333
41345
41365
41383
41437
41483
41533
41567
41573
41665
41675
41683
41713
41719
41735
41749
41759
41795
41815
41885
41963
41989
41995
42007
42019
42023
42029
42049
42077
42079
42103
42107
42169
42197
42205
42209
42217
42257
42269
42275
42319
42325
42335
42355
42383
42385
42415
42425
42443
42485
42487
42509
42515
42523
42565
42569
42595
42625
42637
42653
42655
42667
42683
42689
42719
42763
42797
42805
42829
42835
42859
42875
42877
42925
42949
42953
42959
42985
42995
43043
43105
43109
43127
43133
43135
43139
43145
43153
43169
43175
43205
43237
43253
43265
43297
43303
43339
43369
43409
43453
43535
43547
43555
43589
43607
43615
43643
43669
43685
43687
43703
43723
43745
43757
43763
43783
43787
43807
43849
43859
43865
43933
43943
43955
43969
43985
44003
44053
44087
44089
44093
44119
44135
44153
44189
44197
44213
44219
44297
44303
44305
44323
44347
44357
44387
44473
44483
44569
44573
44593
44617
44623
44639
44683
44705
44707
44713
44779
44807
44839
44843
44909
44917
44927
44929
44935
44953
44963
44977
44983
44993
44995
45065
45125
45133
45155
45185
45193
45227
45265
45289
45319
45325
45343
45349
45355
45379
45383
45407
45445
45455
45457
45467
45499
45509
45515
45523
45527
45545
45557
45589
45593
45605
45619
45623
45629
45635
45649
45679
45689
45737
45749
45797
45803
45823
45845
45853
45875
45883
45889
45917
45925
45949
45967
45997
46003
46033
46049
46055
46057
46079
46097
46117
46135
46207
46235
46237
46253
46267
46309
46333
46355
46385
46397
46435
46459
46499
46523
46525
46573
46577
46583
46673
46697
46727
46775
46777
46783
46793
46805
46835
46889
46907
46913
46915
46949
46957
47035
47045
47069
47075
47093
47203
47207
47225
47293
47309
47353
47357
47365
47375
47413
47437
47443
47465
47467
47483
47537
47557
47605
47623
47629
47633
47675
47677
47693
47707
47719
47723
47779
47807
47837
47843
47849
47903
47917
47933
47935
47945
47989
48007
48037
48053
48109
48125
48133
48265
48283
48289
48295
48319
48343
48353
48365
48373
48419
48425
48457
48473
48505
48515
48517
48539
48545
48595
48607
48653
48655
48665
48679
48763
48787
48799
48803
48805
48857
48865
48869
48893
48899
48917
48923
48937
48977
48983
49049
49079
49123
49133
49195
49225
49237
49285
49289
49297
49309
49315
49355
49363
49403
49409
49433
49475
49487
49495
49513
49529
49555
49595
49627
49639
49649
49663
49687
49693
49705
49723
49727
49753
49763
49765
49769
49789
49813
49829
49859
49865
49883
49913
49925
49945
49969
49987
50017
50057
50117
50137
50185
50195
50243
50257
50339
50359
50369
50395
50429
50437
50443
50449
50495
50557
50585
50603
50605
50639
50645
50765
50783
50797
50813
50815
50839
50843
50849
50867
50893
50933
50959
50965
50969
51049
51055
51139
51199
51205
51217
51253
51259
51287
51335
51347
51353
51359
51379
51389
51409
51487
51499
51503
51563
51619
51685
51713
51749
51779
51797
51833
51845
51947
51949
52009
52013
52037
52043
52067
52115
52135
52147
52157
52187
52193
52199
52235
52285
52295
52327
52349
52369
52373
52387
52399
52415
52429
52439
52453
52553
52583
52609
52637
52639
52649
52655
52675
52679
52747
52763
52769
52823
52859
52883
52909
52927
52949
52985
53015
53039
53069
53117
53153
53177
53209
53225
53227
53255
53275
53297
53309
53327
53329
53333
53335
53377
53435
53453
53459
53489
53507
53527
53537
53575
53593
53599
53609
53645
53647
53719
53765
53807
53825
53879
53885
53939
53963
53975
53977
54037
54065
54103
54175
54193
54245
54259
54263
54275
54299
54317
54383
54385
54389
54395
54427
54433
54437
54443
54457
54469
54497
54503
54505
54527
54535
54559
54587
54593
54599
54605
54619
54689
54697
54737
54745
54805
54809
54863
54875
54895
54917
54937
54953
54955
54977
55025
55027
55069
55117
55133
55145
55147
55157
55253
55273
55277
55289
55307
55319
55325
55337
55367
55385
55417
55423
55429
55463
55475
55493
55559
55565
55577
55597
55603
55625
55643
55655
55663
55669
55675
55735
55753
55763
55769
55799
55805
55847
55859
55925
55945
55949
56063
56069
56093
56113
56159
56165
56183
56197
56215
56243
56245
56263
56323
56347
56359
56387
56417
56485
56497
56509
56549
56555
56663
56669
56687
56713
56725
56755
56765
56795
56813
56819
56825
56837
56869
56893
56903
56963
56969
57023
57053
57097
57115
57119
57127
57133
57163
57185
57203
57205
57239
57257
57283
57305
57313
57317
57335
57523
57577
57595
57605
57697
57713
57727
57733
57757
57763
57847
57865
57889
57895
57905
57913
57919
57965
58025
58033
58063
58087
58099
58109
58165
58195
58207
58223
58253
58255
58259
58265
58307
58333
58345
58357
58373
58387
58403
58423
58427
58447
58453
58457
58493
58529
58537
58543
58555
58637
58645
58669
58705
58733
58735
58783
58813
58835
58855
58877
58955
59033
59045
59059
59065
59075
59099
59135
59219
59243
59255
59299
59423
59437
59513
59515
59537
59575
59593
59597
59603
59627
59645
59669
59725
59735
59773
59803
59813
59843
59849
59863
59885
59887
59897
59903
59915
59917
8991*27^n-203
25305
25385
25577
25697
25809
25905
25917
25985
25989
26009
26141
26181
26217
26229
26301
26321
26345
26361
26397
26477
26601
26685
26721
26885
26937
26981
27065
27089
27189
27329
27369
27381
27405
27425
27485
27489
27569
27581
27585
27597
27665
27689
27701
27761
27777
27837
27909
27929
28017
28101
28161
28229
28245
28329
28445
28497
28545
28581
28641
28745
28809
28829
28889
28929
28937
28985
28989
29025
29061
29085
29117
29181
29217
29265
29517
29537
29561
29621
29645
29669
29721
29769
29777
29837
29897
29925
29949
29969
30005
30041
30117
30285
30321
30461
30545
30681
30749
30809
30897
30921
30965
31001
31089
31121
31181
31185
31197
31229
31277
31469
31605
31625
31641
31661
31665
31677
31721
31737
31761
31809
31881
31925
32001
32081
32105
32109
32169
32417
32429
32477
32517
32589
32597
32649
32777
32849
32961
33005
33029
33077
33161
33209
33305
33405
33425
33461
33581
33717
33789
33821
33845
33861
33977
33989
34025
34041
34089
34121
34185
34209
34221
34241
34265
34325
34361
34449
34481
34569
34605
34617
34665
34725
34869
34877
34937
34941
34949
34965
34977
35025
35045
35121
35141
35249
35265
35297
35337
35385
35421
35537
35541
35577
35597
35609
35669
35781
35801
35829
35949
36137
36305
36321
36401
36485
36489
36585
36597
36617
36665
36705
36785
36809
36869
36921
37077
37097
37149
37161
37385
37485
37497
37541
37545
37689
37697
37721
37845
37889
37949
37997
38045
38061
38069
38085
38109
38117
38177
38201
38237
38249
38277
38289
38325
38345
38361
38369
38405
38525
38529
38661
38721
38789
38841
38889
38937
38969
39069
39161
39165
39261
39281
39341
39345
39369
39417
39465
39509
39521
39525
39669
39681
39737
39765
39809
39861
39945
40005
40017
40137
40281
40337
40341
40349
40361
40505
40577
40589
40605
40685
40697
40745
40797
40809
40829
40869
40917
41097
41109
41121
41141
41361
41409
41417
41501
41517
41609
41625
41649
41697
41825
41829
41921
41985
42101
42105
42129
42177
42189
42261
42377
42401
42465
42545
42641
42645
42689
42749
42825
42989
43085
43145
43149
43169
43209
43221
43289
43337
43389
43497
43625
43661
43781
43809
44081
44145
44345
44405
44417
44441
44481
44597
44609
44637
44649
44705
44729
44801
44901
44949
44969
45009
45017
45105
45129
45137
45185
45329
45345
45377
45389
45437
45509
45525
45741
45861
45869
45977
46029
46077
46121
46149
46169
46341
46365
46389
46421
46485
46509
46625
46769
46797
46805
47061
47145
47225
47241
47261
47309
47321
47381
47421
47465
47505
47561
47577
47597
47649
47765
47789
47849
47885
48281
48345
48441
48465
48561
48569
48617
48629
48669
48689
48749
48837
48849
48885
48905
49005
49025
49029
49061
49097
49217
49245
49289
49301
49325
49365
49377
49421
49497
49665
49709
49721
49761
49769
49929
50025
50201
50217
50225
50289
50321
50369
50445
50517
50537
50669
50841
50897
51041
51065
51089
51125
51245
51329
51489
51509
51605
51689
51749
51777
51885
51929
52029
52049
52089
52181
52197
52269
52281
52329
52365
52401
52437
52461
52589
52629
52677
52761
52769
52805
52829
52881
53129
53217
53229
53285
53321
53361
53481
53505
53541
53649
53709
53801
53861
53925
53969
54017
54065
54069
54077
54117
54161
54189
54209
54237
54261
54305
54321
54329
54377
54449
54477
54497
54521
54569
54585
54641
54681
54741
54789
54849
54861
54909
54941
54989
55197
55205
55209
55245
55301
55361
55401
55425
55745
55829
55889
56037
56081
56189
56261
56285
56289
56385
56397
56529
56577
56705
56789
56805
56945
57009
57081
57101
57201
57209
57221
57281
57345
57417
57441
57477
57485
57509
57521
57665
57689
57717
57761
57797
57897
57981
57989
58061
58169
58221
58265
58341
58389
58425
58481
58505
58517
58521
58709
58749
58769
58805
58829
58961
59049
59061
59081
59201
59237
59289
59309
59409
59489
59601
59697
59717
59741
59789
59829
59861
59885
59909
15309*27^n-14893
25347
25539
25567
25627
25651
25659
25951
25987
26107
26127
26199
26211
26259
26275
26407
26535
26779
26871
26959
27055
27079
27091
27115
27135
27231
27247
27291
27339
27367
27375
27391
27559
27615
27739
27771
27871
27931
27991
28035
28087
28147
28159
28311
28315
28395
28551
28675
28795
28815
28947
28999
29187
29251
29311
29415
29487
29527
29571
29667
29695
29727
29767
29871
29899
29907
29979
30019
30031
30055
30151
30271
30279
30331
30339
30391
30475
30507
30627
30787
30807
30879
30955
30991
31027
31087
31239
31267
31291
31311
31339
31399
31435
31567
31651
31759
31827
31851
31879
31911
31935
32019
32047
32067
32179
32347
32455
32475
32575
32595
32655
32707
32715
32799
32827
32919
32931
32959
32967
32995
33139
33175
33211
33295
33307
33391
33399
33411
33451
33547
33591
33607
33619
33631
33687
33735
33775
33999
34155
34207
34251
34275
34347
34431
34479
34699
34707
34735
34791
34815
34855
34899
35011
35047
35227
35295
35311
35415
35451
35571
35635
35739
35751
35851
35887
35959
35967
36027
36139
36195
36271
36295
36355
36459
36475
36495
36507
36531
36607
36667
37011
37059
37119
37215
37371
37375
37447
37567
37611
37635
37647
37699
37831
37891
37947
37951
38067
38151
38287
38295
38451
38467
38691
39111
39195
39259
39399
39459
39519
39607
39627
39631
39639
39847
39975
39991
40315
40395
40411
40587
40615
40651
40719
40759
40807
40855
40911
40927
40947
41071
41115
41167
41199
41239
41259
41347
41431
41511
41535
41539
41659
41727
41739
41779
41815
41835
41955
42039
42175
42187
42211
42247
42315
42351
42435
42487
42591
42627
42655
42735
42751
42771
42819
42871
42891
42955
42991
43071
43099
43111
43227
43251
43279
43395
43407
43515
43531
43615
43635
43995
44131
44175
44187
44331
44415
44475
44487
44511
44515
44527
44727
44787
44811
44955
44971
45091
45295
45307
45399
45439
45535
45579
45607
45619
45631
45655
45699
45871
46027
46191
46359
46399
46491
46515
46531
46711
46851
46891
46911
46959
47155
47271
47371
47427
47439
47467
47527
47671
47827
47895
47959
47971
48055
48099
48307
48387
48471
48499
48531
48715
48739
48799
48811
48871
48919
49059
49231
49519
49527
49599
49635
49719
49875
49971
50059
50187
50235
50335
50395
50415
50535
50551
50587
50647
50671
50947
50995
51019
51055
51235
51399
51411
51567
51619
51627
51675
51879
51975
52035
52111
52119
52131
52171
52179
52195
52251
52267
52287
52299
52335
52339
52399
52407
52491
52675
52699
52839
52899
52951
52971
52995
53011
53079
53131
53151
53239
53275
53307
53359
53379
53407
53575
53595
53611
53691
53739
53791
53811
53847
53907
53967
54015
54079
54271
54279
54295
54331
54415
54495
54511
54535
54747
54811
54919
54967
55015
55107
55119
55135
55147
55155
55171
55179
55291
55459
55611
55639
55675
55731
55819
55959
55975
56031
56095
56115
56175
56187
56199
56211
56479
56487
56511
56527
56575
56619
56851
56947
57015
57027
57295
57579
57615
57787
57859
57879
57967
57979
58215
58227
58275
58371
58411
58419
58527
58567
58587
58611
58627
58711
58815
58867
58879
58899
58959
59131
59139
59251
59287
59307
59347
59491
59511
59575
59599
59619
59635
59719
59827
59907
88577*27^n-8
25316
25472
25676
25712
25784
25832
26096
26276
26300
26372
26468
26804
26876
26936
26960
27140
27152
27500
27680
28028
28112
28244
28256
28304
28388
28688
28724
28988
29000
29084
29300
29360
29480
29840
30332
30440
30452
30920
31376
31448
31556
31688
31808
32000
32444
32468
32540
32552
32576
32708
32900
32912
33056
33224
33368
33488
33920
34028
34100
34148
34160
34232
34388
34520
34652
34796
34820
34928
35012
35516
35600
35816
36044
36296
36536
36572
36608
36656
36824
36836
36956
37004
37040
37160
37172
37304
37316
37544
37580
37592
37628
38084
38324
38576
38624
38936
39020
39044
39176
39308
39560
39656
39824
40004
40196
40220
40256
40424
40496
40652
40748
40760
41132
41528
41624
41720
41912
41972
42188
42212
42440
42476
42728
42968
43196
43556
43688
43772
44084
44120
44132
44396
44432
44480
44552
44588
44660
44720
44756
45092
45236
45248
45272
45368
45380
45416
45728
45776
45836
46208
46436
46532
46556
46640
46832
46892
46940
47024
47048
47288
47360
47396
47492
47840
47924
47996
48080
48092
48308
48368
48608
48620
48668
48680
48812
48836
48848
48980
49232
49340
49580
49868
49952
51008
51260
51272
51356
51416
51452
51488
51524
51572
51776
51788
51956
51968
52244
52280
52328
52436
52448
52676
52748
52892
53024
53168
53336
53456
53552
53600
53660
53792
53924
54080
54176
54332
54608
54848
55376
55508
55760
55796
55868
55880
56012
56204
56228
56792
56828
56888
56960
56972
57128
57380
57656
57716
57848
57860
57884
57908
58028
58040
58220
58376
58412
58436
58484
58640
58844
58940
58976
59096
59192
59408
59528
59600
59876
59888
139239*27^n-1192
25277
25321
25325
25397
25505
25541
25641
25677
25801
25845
25865
25881
25885
25901
25921
25937
25981
26097
26165
26245
26301
26305
26317
26325
26385
26465
26565
26605
26697
26717
26765
26961
27001
27097
27221
27237
27305
27501
27525
27677
27777
27781
27885
27921
27977
27985
28221
28365
28481
28485
28501
28505
28545
28665
28825
28845
28901
28985
29021
29161
29197
29261
29285
29341
29365
29381
29437
29497
29517
29577
29597
29621
29801
29845
29897
29925
29997
30161
30277
30477
30485
30521
30597
30625
30641
30661
30685
30697
30725
30825
30877
30921
30941
31117
31137
31165
31381
31441
31577
31637
31681
31701
31761
31781
31805
31821
31845
31981
32025
32137
32177
32265
32277
32281
32285
32297
32317
32377
32437
32485
32505
32517
32541
32697
32717
32725
32761
32785
32825
32837
32877
32961
32977
32981
32985
33081
33105
33125
33161
33221
33265
33297
33321
33345
33405
33485
33541
33545
33597
33605
33697
33805
33961
33977
34025
34117
34181
34237
34277
34301
34441
34481
34521
34637
34937
34981
35041
35137
35141
35177
35201
35277
35321
35485
35585
35621
35781
35785
35861
35977
36001
36085
36145
36185
36217
36401
36541
36565
36597
36621
36661
36685
36785
36945
36961
36981
37021
37125
37161
37185
37197
37245
37277
37297
37317
37345
37421
37437
37497
37505
37525
37545
37601
37641
37697
37737
37841
37861
37877
37961
37977
38001
38005
38065
38077
38085
38141
38161
38185
38225
38281
38305
38325
38337
38397
38597
38621
38737
38837
38845
38865
38901
39065
39121
39177
39325
39405
39485
39677
39725
39765
39821
39841
39897
40097
40261
40317
40461
40497
40621
40625
40685
40725
40825
40865
40877
40977
40997
41025
41145
41221
41285
41305
41341
41385
41461
41465
41537
41581
41641
41645
41745
41801
41897
41921
42005
42025
42037
42301
42845
43005
43061
43097
43105
43145
43281
43297
43321
43325
43401
43461
43621
43661
43717
43805
43925
44065
44077
44165
44237
44401
44421
44441
44477
44581
44597
44605
44617
44685
44821
44825
44837
44925
45121
45177
45225
45245
45297
45325
45417
45637
45701
45705
45837
45901
45961
45981
46085
46117
46137
46145
46421
46437
46537
46541
46617
46697
46745
46761
46765
46785
46797
46877
46981
47005
47065
47097
47185
47201
47205
47265
47377
47417
47437
47445
47537
47665
47721
47805
47865
47877
47937
47941
48101
48145
48197
48277
48297
48361
48377
48421
48465
48505
48561
48565
48605
48621
48637
48685
48725
48777
48785
48885
49081
49121
49177
49205
49261
49285
49441
49445
49461
49485
49501
49597
49645
49705
49781
49821
49841
50021
50061
50077
50225
50477
50517
50525
50545
50621
50637
50717
50801
50897
50945
50965
51085
51101
51105
51185
51225
51277
51281
51365
51385
51461
51525
51641
51685
51737
51837
51841
51861
51941
52085
52105
52117
52121
52141
52217
52245
52301
52345
52365
52381
52481
52697
52737
52765
52837
52845
52941
52961
53025
53101
53145
53181
53297
53317
53337
53625
53685
53825
53965
54025
54041
54077
54121
54177
54181
54497
54661
54761
54825
54901
55005
55161
55221
55237
55245
55585
55601
55685
55697
55705
55805
55897
55901
55917
55925
56041
56077
56165
56197
56277
56301
56425
56561
56621
56645
56781
56797
56825
56901
56965
57001
57045
57181
57261
57405
57477
57521
57561
57737
57761
57845
58141
58161
58177
58437
58505
58601
58661
58681
58725
58805
58961
59165
59245
59285
59317
59381
59401
59437
59501
59505
59521
59581
59665
59681
59697
59737
59765
59845
59917
59941
59997
213597*27^n-1736
25269
25286
25308
25310
25356
25365
25398
25430
25448
25461
25509
25514
25542
25560
25561
25580
25614
25629
25664
25682
25725
25728
25736
25765
25782
25790
25824
25825
25856
25902
25917
25933
25945
25946
25957
26024
26037
26061
26066
26102
26112
26121
26197
26204
26209
26257
26270
26293
26310
26346
26365
26370
26378
26412
26442
26457
26505
26509
26517
26533
26550
26568
26576
26592
26622
26634
26641
26682
26706
26714
26718
26725
26730
26736
26781
26864
26905
26949
26953
26958
26961
26966
27000
27033
27073
27114
27120
27128
27138
27206
27213
27277
27313
27320
27333
27354
27381
27421
27432
27450
27481
27486
27564
27573
27582
27600
27612
27633
27645
27697
27714
27722
27726
27756
27777
27805
27822
27830
27873
27882
27925
27957
27960
28002
28005
28040
28041
28045
28089
28092
28110
28118
28122
28129
28130
28158
28160
28170
28173
28242
28357
28393
28466
28525
28572
28590
28597
28617
28621
28633
28641
28645
28680
28712
28746
28752
28754
28765
28782
28866
28881
28909
28940
28941
28962
28976
28986
29017
29025
29040
29041
29048
29144
29157
29161
29166
29169
29186
29196
29228
29234
29244
29269
29293
29317
29329
29336
29340
29413
29445
29469
29490
29516
29532
29558
29562
29565
29581
29628
29670
29676
29685
29688
29696
29713
29714
29730
29768
29784
29804
29808
29832
29838
29857
29877
29966
29973
30018
30025
30037
30062
30066
30141
30169
30186
30192
30200
30273
30288
30313
30336
30410
30426
30434
30494
30505
30510
30513
30525
30536
30546
30552
30570
30578
30600
30609
30624
30637
30642
30645
30654
30656
30666
30714
30774
30780
30792
30812
30816
30829
30830
30858
31034
31064
31074
31093
31116
31137
31142
31173
31185
31232
31242
31254
31314
31368
31369
31410
31418
31422
31461
31488
31520
31526
31537
31554
31568
31586
31602
31656
31670
31681
31694
31722
31737
31765
31782
31789
31797
31818
31821
31833
31896
31897
31932
31957
31974
31980
31982
31986
32030
32034
32061
32090
32156
32166
32173
32233
32268
32317
32358
32385
32400
32413
32450
32485
32514
32526
32533
32576
32594
32598
32629
32664
32670
32725
32730
32748
32766
32786
32797
32840
32853
32862
32881
32898
32918
32977
32985
32989
32990
33073
33084
33098
33105
33121
33141
33162
33189
33198
33210
33217
33237
33260
33261
33282
33330
33410
33434
33438
33450
33513
33518
33525
33541
33552
33613
33680
33693
33788
33789
33888
33890
33912
33932
33933
33937
33945
33957
33969
34008
34021
34124
34166
34176
34190
34213
34268
34290
34317
34320
34350
34392
34441
34453
34461
34464
34485
34502
34569
34581
34620
34629
34657
34710
34796
34821
34854
34872
34938
34968
34989
35034
35052
35097
35136
35192
35208
35221
35229
35233
35277
35286
35310
35317
35334
35394
35400
35408
35454
35466
35496
35509
35514
35558
35605
35610
35613
35648
35712
35725
35730
35762
35769
35772
35790
35793
35797
35869
35889
35900
35917
35942
35954
35958
36006
36013
36032
36037
36042
36048
36060
36069
36098
36138
36225
36248
36273
36278
36294
36306
36378
36390
36402
36409
36446
36477
36530
36549
36570
36573
36588
36589
36636
36648
36693
36696
36732
36734
36805
36812
36825
36846
36853
36888
36902
36908
36914
36945
36961
36966
37005
37022
37026
37038
37045
37056
37080
37122
37134
37153
37165
37197
37202
37221
37238
37269
37292
37356
37442
37452
37477
37488
37512
37542
37544
37593
37596
37609
37638
37725
37746
37818
37826
37830
37890
37902
37904
37914
37962
37994
38040
38046
38070
38120
38137
38138
38157
38162
38168
38169
38190
38202
38208
38210
38274
38282
38310
38313
38337
38348
38352
38353
38366
38370
38384
38390
38412
38502
38529
38533
38545
38546
38552
38665
38677
38684
38685
38718
38730
38748
38778
38781
38833
38886
38893
38941
38960
38965
38972
38985
39020
39024
39030
39036
39038
39045
39078
39086
39105
39129
39138
39150
39162
39168
39177
39217
39229
39258
39261
39288
39290
39338
39361
39381
39426
39445
39453
39489
39510
39541
39546
39576
39608
39612
39613
39632
39633
39661
39768
39770
39792
39804
39806
39897
39920
39926
39938
39944
39949
40029
40062
40081
40092
40146
40170
40233
40256
40257
40272
40273
40296
40322
40364
40406
40410
40417
40453
40458
40476
40478
40512
40518
40533
40536
40545
40597
40598
40657
40677
40686
40688
40713
40736
40785
40797
40808
40821
40830
40872
40886
40892
40910
40914
40926
40982
40986
40998
41010
41029
41040
41052
41054
41064
41066
41112
41149
41180
41185
41196
41208
41226
41238
41274
41288
41292
41305
41346
41349
41377
41400
41421
41425
41432
41442
41456
41493
41502
41520
41544
41565
41577
41581
41625
41640
41660
41697
41725
41757
41792
41797
41810
41816
41834
41856
41886
41910
41929
41977
41984
41997
42018
42026
42037
42062
42081
42093
42108
42117
42162
42192
42205
42225
42246
42258
42261
42282
42349
42361
42366
42397
42410
42414
42422
42426
42432
42445
42457
42477
42493
42525
42561
42572
42582
42594
42609
42637
42649
42693
42732
42746
42758
42769
42780
42818
42828
42830
42842
42872
42876
42906
42921
42950
42978
42997
43010
43032
43052
43056
43105
43170
43182
43185
43221
43224
43238
43261
43272
43290
43317
43357
43370
43376
43430
43496
43500
43502
43548
43574
43578
43621
43626
43664
43670
43676
43692
43710
43758
43826
43857
43896
43976
43980
44013
44022
44040
44061
44073
44089
44090
44145
44149
44172
44190
44214
44229
44232
44274
44373
44396
44497
44544
44588
44592
44593
44605
44617
44624
44636
44640
44648
44672
44677
44749
44760
44766
44773
44778
44808
44809
44865
44910
44922
44924
44937
44989
45000
45008
45018
45025
45026
45045
45068
45073
45096
45134
45222
45228
45253
45273
45277
45278
45314
45330
45338
45354
45381
45384
45386
45404
45408
45446
45482
45513
45549
45552
45573
45637
45645
45660
45669
45693
45697
45750
45757
45805
45818
45858
45890
45900
45930
45949
45969
45992
45993
46034
46045
46065
46104
46106
46136
46141
46188
46213
46230
46245
46278
46302
46304
46320
46321
46329
46333
46341
46352
46364
46370
46430
46440
46448
46472
46488
46489
46530
46572
46581
46598
46602
46617
46693
46713
46722
46736
46790
46794
46808
46837
46848
46850
46856
46860
46861
46917
46934
47016
47058
47072
47077
47100
47118
47133
47136
47137
47142
47168
47209
47245
47274
47280
47322
47354
47366
47382
47406
47424
47433
47454
47456
47517
47521
47528
47570
47577
47616
47654
47666
47677
47708
47718
47736
47737
47850
47864
47882
47912
47913
47948
47970
47973
47982
47996
48013
48026
48033
48037
48050
48081
48093
48120
48121
48150
48177
48193
48200
48213
48218
48306
48325
48337
48345
48368
48385
48498
48506
48528
48540
48606
48632
48642
48661
48672
48684
48693
48696
48714
48753
48769
48780
48816
48830
48834
48840
48858
48873
48878
48890
48894
48936
48966
48974
49005
49029
49040
49050
49081
49082
49129
49209
49212
49254
49261
49269
49286
49290
49296
49297
49310
49320
49321
49369
49376
49386
49404
49410
49533
49550
49584
49585
49608
49638
49640
49645
49646
49689
49693
49705
49718
49737
49749
49758
49761
49765
49814
49824
49836
49842
49849
49872
49902
49920
49941
49986
50000
50024
50049
50061
50066
50073
50082
50149
50161
50166
50210
50238
50245
50265
50280
50304
50310
50312
50325
50376
50377
50378
50394
50402
50444
50485
50541
50556
50577
50589
50629
50641
50646
50673
50696
50706
50712
50730
50742
50784
50808
50845
50850
50856
50865
50877
50905
50906
50936
50949
50966
50982
50994
51006
51013
51014
51025
51085
51090
51097
51109
51138
51145
51150
51157
51168
51200
51210
51228
51230
51246
51258
51270
51273
51276
51306
51321
51337
51345
51357
51404
51409
51414
51426
51432
51486
51541
51585
51612
51633
51692
51717
51728
51741
51746
51757
51768
51777
51818
51848
51852
51854
51861
51885
51890
51897
51930
51948
51960
51973
51986
52022
52029
52065
52069
52074
52140
52146
52184
52202
52236
52237
52238
52268
52280
52285
52333
52344
52368
52377
52381
52393
52400
52412
52413
52422
52464
52502
52506
52513
52537
52593
52646
52665
52677
52686
52700
52754
52758
52776
52806
52818
52833
52866
52880
52909
52910
52926
52933
52938
52945
52953
52988
53010
53022
53040
53065
53077
53094
53100
53109
53118
53168
53173
53197
53226
53229
53241
53269
53282
53349
53361
53372
53388
53433
53445
53485
53496
53502
53532
53544
53546
53582
53586
53610
53622
53637
53646
53660
53670
53724
53769
53785
53820
53845
53912
53934
53958
53960
53961
53990
54008
54042
54097
54108
54117
54140
54156
54170
54210
54237
54240
54284
54290
54336
54368
54369
54402
54405
54444
54457
54489
54517
54560
54588
54589
54621
54633
54637
54648
54669
54672
54690
54753
54765
54793
54830
54853
54854
54858
54870
54882
54924
54966
55038
55040
55046
55058
55064
55069
55089
55122
55153
55176
55184
55262
55274
55285
55302
55358
55369
55418
55464
55542
55560
55561
55581
55626
55629
55634
55694
55718
55722
55778
55782
55833
55837
55886
55893
55922
55933
55974
56012
56073
56077
56085
56088
56089
56090
56138
56172
56190
56197
56245
56253
56264
56265
56316
56365
56376
56454
56460
56461
56480
56496
56508
56520
56526
56552
56604
56664
56688
56726
56745
56778
56862
56865
56881
56886
56888
56894
56913
56970
56978
56989
57042
57045
57048
57066
57074
57084
57090
57152
57186
57213
57253
57278
57318
57342
57349
57360
57373
57390
57409
57410
57429
57480
57481
57516
57570
57576
57612
57613
57642
57656
57696
57704
57717
57726
57740
57741
57757
57762
57768
57786
57804
57813
57818
57822
57849
57854
57877
57902
57936
57949
57973
58021
58028
58146
58176
58189
58190
58208
58250
58266
58273
58280
58286
58320
58332
58350
58386
58400
58406
58424
58429
58449
58465
58476
58485
58509
58512
58573
58597
58610
58616
58638
58650
58669
58680
58693
58773
58826
58837
58848
58885
58886
58896
58946
58993
59013
59034
59037
59042
59048
59061
59120
59121
59125
59193
59222
59232
59257
59258
59274
59322
59336
59352
59365
59373
59385
59390
59414
59442
59457
59474
59490
59509
59521
59529
59544
59546
59550
59586
59629
59665
59708
59718
59742
59750
59781
59820
59829
59832
59856
59898
59904
59952
59966
59970
59982
59985
295245*27^n-113557
25253
25259
25293
25299
25305
25383
25445
25449
25479
25511
25529
25595
25695
25709
25715
25733
25829
25851
25919
25929
25943
25995
26009
26013
26031
26045
26049
26051
26061
26093
26103
26105
26109
26129
26145
26169
26181
26213
26249
26303
26325
26345
26351
26379
26441
26459
26505
26519
26555
26711
26721
26769
26775
26789
26801
26915
26933
26963
26993
27059
27071
27135
27159
27215
27261
27275
27293
27305
27333
27363
27393
27423
27501
27515
27533
27549
27579
27605
27609
27611
27645
27671
27675
27695
27723
27761
27765
27779
27809
27851
27941
27959
27963
27965
27971
27975
27989
28053
28119
28143
28151
28209
28229
28235
28289
28313
28359
28433
28469
28491
28493
28511
28565
28569
28589
28701
28719
28721
28763
28775
28793
28829
28853
28943
28965
28979
29001
29031
29039
29051
29073
29079
29111
29121
29129
29145
29165
29229
29259
29271
29295
29313
29361
29363
29373
29391
29405
29501
29535
29549
29573
29601
29609
29655
29693
29711
29745
29771
29775
29783
29813
29871
29915
29931
29951
29985
30003
30039
30075
30099
30129
30155
30203
30231
30261
30269
30281
30333
30351
30363
30365
30383
30419
30429
30461
30509
30513
30549
30561
30569
30573
30575
30635
30689
30699
30701
30711
30791
30801
30843
30869
30879
30893
30911
30915
30923
31011
31029
31059
31109
31113
31139
31161
31163
31169
31209
31221
31245
31433
31443
31461
31505
31535
31553
31571
31575
31601
31653
31679
31689
31713
31763
31805
31815
31823
31833
31839
31889
31901
31911
31965
31979
31985
31991
32019
32025
32033
32043
32045
32079
32085
32093
32121
32169
32175
32201
32241
32255
32265
32301
32333
32351
32433
32439
32441
32459
32481
32483
32499
32505
32525
32543
32559
32561
32585
32591
32645
32681
32691
32771
32781
32801
32861
32883
32973
32981
32991
33033
33045
33135
33165
33291
33299
33333
33345
33351
33353
33365
33395
33419
33471
33495
33555
33575
33639
33641
33671
33681
33713
33731
33743
33785
33831
33851
33903
33923
33941
34013
34031
34049
34065
34083
34101
34109
34143
34149
34169
34191
34199
34203
34223
34253
34265
34289
34299
34301
34331
34341
34343
34365
34373
34425
34451
34539
34541
34551
34553
34601
34619
34625
34721
34749
34799
34809
34859
34871
34881
34905
34919
34941
34979
35013
35121
35123
35159
35171
35195
35199
35201
35283
35315
35375
35411
35433
35463
35565
35585
35615
35643
35661
35673
35709
35711
35729
35733
35799
35811
35813
35841
35853
35865
35885
35903
35969
35973
36063
36125
36149
36161
36173
36215
36233
36249
36269
36279
36293
36305
36335
36353
36389
36405
36411
36413
36491
36525
36531
36569
36581
36629
36635
36701
36735
36753
36785
36809
36831
36839
36863
36873
36959
36963
36965
37031
37091
37145
37175
37215
37241
37281
37289
37331
37389
37421
37439
37449
37491
37505
37575
37613
37629
37631
37719
37731
37785
37805
37809
37823
37841
37871
37883
37901
37925
37995
38003
38009
38085
38103
38121
38163
38225
38231
38241
38283
38285
38369
38391
38433
38439
38451
38465
38493
38505
38619
38625
38645
38679
38681
38685
38711
38729
38733
38751
38783
38801
38819
38831
38843
38883
38919
38943
38985
39033
39053
39065
39131
39143
39149
39155
39165
39279
39281
39293
39339
39345
39369
39375
39383
39401
39435
39441
39473
39485
39509
39521
39581
39621
39659
39689
39735
39819
39833
39855
39863
39875
39885
39891
39903
39911
39933
39941
39945
40001
40013
40041
40073
40161
40169
40233
40281
40341
40349
40353
40359
40373
40385
40391
40413
40431
40439
40481
40493
40533
40565
40605
40695
40721
40725
40731
40829
40833
40859
40865
40869
40899
40941
41001
41003
41061
41073
41085
41091
41129
41133
41163
41219
41259
41289
41295
41303
41325
41339
41361
41381
41391
41393
41399
41409
41423
41451
41475
41553
41583
41591
41601
41699
41745
41789
41835
41855
41909
41921
41931
41943
41949
41955
41963
42053
42059
42065
42069
42101
42113
42129
42153
42209
42215
42233
42251
42315
42321
42333
42351
42411
42425
42473
42479
42509
42525
42561
42593
42639
42701
42725
42771
42789
42803
42909
42915
42921
42939
42941
42989
42993
43001
43089
43101
43109
43145
43155
43191
43253
43295
43355
43403
43445
43509
43511
43533
43581
43595
43599
43613
43641
43649
43665
43703
43785
43793
43803
43805
43811
43815
43863
43913
43973
43983
43989
43991
44025
44031
44061
44091
44121
44141
44259
44285
44301
44303
44309
44319
44355
44375
44391
44409
44435
44531
44555
44559
44585
44633
44639
44651
44669
44691
44699
44705
44741
44765
44771
44781
44805
44861
44873
44961
45005
45015
45021
45029
45053
45065
45119
45135
45219
45233
45255
45279
45323
45363
45369
45381
45383
45443
45513
45521
45653
45683
45689
45695
45753
45755
45771
45785
45819
45905
45953
45959
45983
45993
46011
46089
46091
46095
46151
46235
46241
46331
46343
46349
46359
46379
46385
46401
46451
46463
46505
46529
46539
46619
46649
46665
46689
46703
46709
46715
46719
46769
46815
46875
46883
46913
46971
47013
47019
47031
47045
47075
47081
47105
47129
47135
47151
47159
47211
47213
47235
47291
47303
47321
47333
47403
47433
47495
47573
47603
47625
47633
47669
47675
47705
47721
47823
47841
47849
47871
47915
47933
47939
47949
47985
48029
48069
48071
48083
48135
48141
48171
48191
48261
48263
48321
48329
48351
48353
48359
48365
48371
48395
48399
48405
48411
48443
48459
48549
48551
48585
48609
48663
48669
48699
48743
48791
48921
48953
48963
48965
48971
49041
49049
49053
49095
49185
49193
49203
49239
49245
49259
49263
49269
49271
49283
49293
49323
49343
49355
49371
49389
49395
49409
49425
49433
49461
49473
49515
49539
49565
49569
49589
49631
49655
49685
49691
49743
49791
49805
49809
49839
49841
49865
49875
49883
49913
49919
49935
49941
49953
50039
50061
50109
50151
50225
50229
50231
50243
50295
50333
50361
50385
50399
50433
50459
50463
50501
50505
50571
50591
50603
50663
50693
50709
50733
50745
50799
50801
50825
50889
50909
50913
50931
50969
50973
50979
51021
51029
51033
51071
51099
51101
51111
51131
51165
51219
51251
51261
51269
51285
51293
51303
51339
51351
51363
51413
51435
51449
51473
51485
51525
51581
51585
51593
51611
51615
51695
51699
51701
51843
51863
51933
51953
52041
52079
52109
52115
52151
52221
52223
52241
52251
52265
52271
52319
52325
52329
52361
52371
52431
52439
52449
52451
52479
52481
52571
52581
52589
52593
52611
52643
52709
52739
52793
52869
52883
52925
52941
52943
53001
53009
53051
53063
53081
53133
53151
53265
53283
53301
53339
53345
53385
53411
53463
53499
53505
53513
53535
53549
53561
53583
53613
53631
53729
53735
53739
53789
53831
53883
53931
53961
53963
53999
54009
54029
54059
54075
54123
54159
54189
54221
54225
54233
54305
54341
54393
54441
54471
54491
54549
54593
54599
54609
54635
54639
54641
54669
54675
54749
54753
54779
54795
54833
54873
54879
54885
54891
54899
54905
54929
54983
55001
55049
55109
55119
55131
55151
55203
55209
55223
55259
55289
55361
55389
55413
55445
55451
55515
55545
55611
55629
55655
55661
55703
55725
55739
55823
55829
55839
55853
55859
55881
55901
56075
56081
56103
56105
56135
56171
56183
56211
56249
56265
56271
56285
56313
56363
56375
56391
56403
56421
56433
56445
56463
56489
56495
56519
56531
56583
56603
56649
56721
56729
56763
56795
56825
56829
56879
56895
56945
56961
57069
57083
57095
57111
57209
57239
57243
57261
57263
57311
57321
57329
57341
57353
57371
57375
57393
57419
57543
57551
57573
57621
57635
57639
57653
57665
57683
57729
57785
57795
57819
57821
57839
57855
57881
57891
57909
57921
57939
58029
58059
58071
58091
58121
58155
58199
58233
58239
58343
58349
58353
58355
58385
58401
58413
58419
58433
58445
58469
58475
58491
58511
58541
58559
58565
58569
58589
58595
58599
58611
58641
58643
58661
58665
58689
58719
58793
58809
58881
58883
58911
58959
58965
58983
58985
58995
59043
59051
59073
59093
59193
59241
59291
59315
59333
59339
59351
59391
59423
59433
59441
59453
59483
59489
59519
59535
59549
59613
59625
59631
59685
59723
59729
59753
59823
59849
59853
59861
59871
59879
59883
59895
59903
59993
413343*27^n-94921
25298
25334
25340
25382
25478
25508
25580
25640
25772
25808
25820
25862
26000
26012
26084
26114
26270
26354
26360
26468
26552
26558
26828
26888
26948
26972
27008
27038
27122
27200
27320
27344
27422
27572
27764
27902
27908
27920
27992
28028
28064
28130
28184
28208
28262
28280
28328
28484
28592
28622
28700
28748
28784
28802
28838
28844
28880
28958
29000
29048
29072
29090
29138
29222
29234
29294
29342
29360
29438
29528
29552
29708
29744
29888
29942
29990
30098
30434
30464
30512
30638
30728
30764
30812
30830
30848
30884
31148
31214
31262
31358
31394
31430
31532
31640
31688
31700
31742
31784
31808
31814
31868
31952
32012
32258
32312
32462
32480
32510
32564
32648
32792
32804
32900
32930
32984
33122
33200
33218
33230
33272
33284
33500
33518
33662
33710
33728
33740
33794
33842
33902
33908
33920
33950
33992
34004
34208
34238
34244
34358
34400
34412
34418
34454
34568
34610
34742
34928
35000
35270
35294
35408
35432
35438
35564
35588
35618
35630
35648
35684
35960
36008
36134
36158
36194
36248
36344
36398
36428
36470
36500
36638
36644
36662
36800
36860
36878
36884
36968
37028
37052
37088
37118
37142
37184
37394
37538
37718
37772
37928
37952
38000
38078
38270
38360
38402
38492
38528
38684
38732
38900
39032
39044
39080
39110
39128
39218
39248
39260
39278
39284
39668
39704
39740
39758
39908
39932
39992
39998
40220
40238
40244
40268
40292
40310
40352
40430
40520
40544
40664
41012
41060
41234
41300
41312
41390
41528
41648
41720
41948
42014
42182
42404
42548
42572
42578
42692
42782
43022
43094
43352
43382
43388
43412
43520
43538
43604
43664
43700
43868
43880
44144
44192
44198
44228
44258
44372
44630
44678
44840
44912
44948
45062
45068
45140
45200
45278
45332
45368
45518
45584
45632
45710
45764
45848
45932
46388
46658
46694
46718
46862
46904
46940
47000
47054
47072
47150
47240
47294
47330
47534
47582
47612
47648
47702
47852
47864
47972
48014
48020
48062
48164
48260
48272
48278
48404
48494
48530
48560
48788
49010
49028
49112
49172
49232
49244
49400
49454
49484
49622
49628
49664
49742
49862
49910
49958
50252
50300
50360
50408
50414
50438
50684
50702
50798
50834
50912
51008
51038
51212
51308
51398
51440
51494
51548
51668
51680
51698
51752
51854
51890
51932
51944
51968
51980
52004
52040
52052
52094
52148
52184
52232
52280
52472
52520
52532
52640
52652
52694
52808
52820
52898
53060
53180
53192
53228
53264
53372
53390
53510
53528
53654
53678
53720
53798
53804
53864
53888
54002
54038
54080
54212
54284
54290
54368
54422
54440
54542
54632
54638
54662
54758
54788
54944
55052
55088
55112
55148
55250
55472
55508
55568
55592
55664
55742
55838
55844
55952
55970
55982
56000
56144
56228
56252
56258
56348
56354
56468
56534
56630
56720
56744
56804
56822
56918
56972
57020
57038
57152
57164
57230
57272
57302
57314
57344
57518
57632
57668
57710
57794
57920
58022
58082
58280
58304
58322
58400
58448
58478
58562
58700
58790
58868
58982
59000
59108
59198
59204
59252
59282
59492
59570
59582
59630
59660
59732
59894
59948
59954
6331041*27^n-145
25293
25297
25299
25333
25349
25401
25447
25459
25461
25487
25501
25517
25577
25613
25619
25629
25667
25747
25769
25807
25843
25853
25863
25881
25983
26007
26047
26053
26069
26137
26207
26261
26301
26349
26401
26441
26467
26509
26581
26629
26649
26693
26717
26719
26721
26727
26737
26739
26767
26801
26831
26851
26853
26917
26941
26957
27031
27059
27081
27157
27169
27173
27197
27199
27239
27263
27267
27299
27383
27409
27449
27519
27521
27543
27567
27601
27619
27651
27679
27703
27719
27797
27827
27853
27859
27871
27897
27903
27917
27983
27987
27997
28049
28061
28099
28109
28117
28183
28197
28217
28249
28253
28277
28279
28351
28387
28403
28421
28439
28531
28669
28671
28687
28737
28803
28813
28849
28879
28917
28957
28999
29043
29069
29119
29149
29159
29241
29261
29303
29357
29399
29413
29423
29443
29469
29477
29503
29517
29561
29583
29639
29647
29679
29757
29759
29769
29829
29869
29877
29909
29933
29987
29997
30013
30029
30041
30049
30147
30163
30231
30253
30259
30401
30403
30419
30463
30493
30499
30543
30557
30639
30647
30653
30809
30823
30829
30847
30869
30881
30893
30897
30941
30947
30979
31001
31007
31087
31151
31173
31299
31331
31333
31337
31427
31527
31567
31597
31677
31733
31759
31777
31779
31823
31831
31841
31849
31887
31973
31987
32057
32103
32121
32149
32197
32229
32249
32281
32307
32309
32351
32387
32431
32439
32527
32543
32579
32597
32607
32613
32641
32703
32719
32737
32787
32803
32921
32943
32949
32969
32983
33021
33059
33077
33103
33111
33117
33129
33133
33137
33157
33161
33241
33247
33293
33299
33317
33327
33373
33399
33431
33437
33453
33521
33527
33543
33569
33573
33629
33683
33731
33747
33751
33837
33879
33923
34001
34087
34103
34211
34221
34223
34277
34281
34321
34339
34349
34351
34407
34419
34451
34463
34511
34581
34591
34599
34641
34649
34669
34677
34679
34717
34719
34749
34757
34797
34809
34813
34819
34851
34867
34883
34959
34977
34999
35093
35103
35117
35121
35137
35141
35167
35187
35231
35247
35317
35329
35391
35429
35443
35497
35533
35557
35597
35599
35603
35637
35653
35727
35743
35779
35821
35831
35957
35971
35973
36037
36079
36093
36197
36237
36281
36307
36321
36343
36357
36391
36413
36451
36463
36467
36481
36483
36497
36517
36577
36597
36623
36629
36653
36661
36671
36717
36759
36799
36807
36819
36857
36887
36899
36959
36997
37059
37063
37077
37097
37139
37217
37221
37223
37231
37261
37317
37361
37363
37391
37407
37471
37477
37497
37511
37529
37533
37569
37581
37601
37613
37617
37641
37651
37693
37717
37809
37811
37829
37869
37911
37917
37937
37949
37961
37987
38023
38057
38079
38093
38119
38129
38149
38197
38227
38263
38271
38291
38303
38323
38371
38437
38457
38493
38519
38543
38599
38639
38691
38701
38719
38767
38799
38879
38903
38911
38933
39011
39093
39103
39107
39123
39129
39137
39149
39191
39261
39269
39359
39367
39379
39383
39409
39437
39457
39523
39533
39549
39607
39657
39681
39737
39747
39831
39843
39869
39909
39911
39919
39923
39951
39957
40039
40069
40121
40129
40143
40249
40279
40291
40293
40373
40437
40471
40511
40529
40549
40567
40577
40591
40669
40677
40681
40723
40727
40803
40847
40867
40903
40909
40933
40949
41001
41071
41109
41133
41137
41167
41183
41197
41213
41249
41251
41281
41309
41347
41351
41357
41361
41397
41449
41461
41463
41523
41591
41613
41629
41683
41693
41711
41759
41763
41799
41809
41853
41859
41879
41903
41917
41957
41959
42029
42051
42067
42121
42133
42159
42163
42173
42211
42229
42261
42293
42317
42371
42439
42467
42487
42503
42537
42541
42639
42643
42649
42657
42693
42737
42823
42831
42839
42849
42887
42909
42929
42959
42967
42979
43007
43017
43111
43129
43139
43149
43213
43267
43297
43327
43359
43397
43471
43503
43517
43537
43561
43567
43591
43597
43603
43751
43759
43773
43783
43801
43821
43829
43853
43857
43881
43891
43897
43901
43933
43939
44021
44069
44077
44079
44157
44167
44177
44209
44239
44263
44291
44329
44381
44403
44407
44423
44437
44447
44463
44487
44581
44629
44637
44659
44703
44729
44757
44823
44837
44839
44863
44877
44893
44959
45023
45043
45057
45077
45079
45091
45109
45123
45199
45277
45299
45309
45317
45347
45457
45477
45487
45533
45539
45569
45577
45617
45649
45687
45869
45871
45907
45981
46081
46093
46099
46109
46111
46223
46269
46271
46337
46397
46409
46447
46463
46467
46493
46517
46527
46677
46681
46739
46741
46857
46919
46961
46997
47063
47091
47093
47111
47137
47149
47171
47181
47199
47263
47329
47417
47429
47461
47487
47557
47573
47649
47653
47721
47767
47783
47821
47829
47891
47907
47983
48001
48013
48067
48147
48157
48209
48229
48271
48291
48301
48309
48333
48343
48349
48453
48469
48477
48479
48501
48533
48577
48607
48627
48679
48701
48743
48767
48771
48783
48819
48941
49023
49047
49079
49081
49119
49201
49207
49237
49257
49271
49309
49377
49417
49421
49551
49569
49607
49629
49639
49653
49701
49711
49743
49747
49827
49831
49919
49933
49949
49967
49987
50013
50069
50077
50097
50127
50131
50147
50157
50163
50237
50247
50261
50323
50369
50461
50503
50509
50527
50549
50623
50637
50679
50701
50709
50719
50799
50813
50831
50857
50911
50979
51021
51031
51063
51107
51109
51137
51149
51169
51183
51207
51247
51249
51253
51377
51429
51449
51463
51469
51487
51517
51567
51703
51709
51749
51791
51823
51847
51869
51881
51897
51917
51921
51927
51933
51991
52001
52007
52039
52129
52147
52173
52191
52239
52241
52247
52269
52271
52297
52317
52319
52343
52351
52499
52537
52551
52561
52583
52617
52631
52677
52703
52719
52813
52841
52849
53039
53047
53053
53079
53143
53229
53251
53277
53283
53311
53321
53327
53333
53359
53383
53407
53409
53417
53437
53449
53487
53493
53527
53533
53621
53629
53677
53681
53717
53747
53809
53811
53827
53849
53857
53859
53923
53927
53943
53997
54017
54047
54053
54079
54111
54117
54133
54149
54179
54229
54231
54271
54279
54329
54349
54383
54447
54453
54479
54517
54537
54543
54549
54559
54637
54647
54679
54707
54749
54759
54777
54851
54959
54969
54991
55011
55021
55031
55043
55047
55097
55159
55167
55183
55199
55249
55279
55293
55297
55301
55337
55477
55493
55509
55517
55529
55539
55543
55549
55581
55591
55711
55717
55799
55861
55907
55937
55977
56021
56037
56071
56077
56097
56103
56149
56239
56243
56303
56377
56413
56431
56457
56477
56533
56583
56597
56611
56631
56637
56639
56659
56669
56693
56707
56727
56737
56749
56757
56769
56813
56817
56819
56831
56847
56877
56921
56947
56959
56961
56979
57029
57031
57103
57133
57149
57237
57247
57257
57271
57279
57297
57311
57363
57397
57439
57517
57539
57559
57631
57699
57741
57763
57777
57853
57881
57891
57917
57919
57969
57997
58057
58087
58099
58183
58199
58217
58239
58303
58391
58417
58441
58469
58479
58501
58529
58531
58541
58569
58573
58597
58631
58643
58657
58737
58773
58791
58921
59039
59059
59079
59101
59119
59171
59183
59187
59191
59207
59247
59299
59311
59331
59347
59383
59443
59491
59509
59597
59599
59623
59737
59773
59831
59843
59863
59887
59919
59969
59981
