pmin=122415407921
1352*26^n-497
10972
10973
10995
11002
11004
11015
11019
11021
11028
11035
11049
11070
11075
11076
11082
11088
11096
11103
11115
11121
11127
11141
11142
11152
11156
11159
11161
11184
11188
11190
11197
11198
11210
11232
11258
11260
11267
11275
11276
11278
11282
11296
11300
11303
11320
11331
11333
11335
11336
11342
11350
11358
11362
11366
11375
11383
11387
11392
11408
11409
11412
11416
11418
11424
11432
11434
11451
11452
11460
11486
11488
11490
11495
11499
11511
11519
11531
11534
11548
11552
11560
11564
11566
11577
11580
11588
11604
11611
11619
11622
11633
11643
11644
11648
11661
11678
11682
11690
11692
11698
11699
11709
11710
11716
11728
11741
11747
11750
11759
11770
11773
11783
11784
11794
11795
11803
11818
11829
11835
11840
11847
11868
11880
11883
11885
11898
11902
11913
11916
11922
11927
11938
11939
11956
11959
11966
11968
11970
11978
11979
11980
11981
11983
11994
12002
12009
12010
12012
12030
12045
12050
12072
12084
12085
12113
12133
12138
12141
12152
12156
12162
12167
12176
12187
12219
12221
12224
12227
12238
12240
12250
12251
12252
12260
12263
12268
12270
12281
12283
12290
12294
12297
12305
12314
12318
12335
12340
12345
12353
12366
12368
12376
12381
12391
12399
12418
12419
12424
12442
12450
12451
12462
12468
12491
12496
12499
12504
12508
12511
12523
12528
12532
12547
12550
12567
12571
12574
12578
12594
12597
12611
12617
12619
12622
12623
12624
12627
12631
12633
12656
12659
12670
12672
12676
12683
12692
12702
12707
12716
12718
12733
12734
12762
12772
12778
12781
12783
12785
12787
12814
12818
12820
12837
12848
12870
12871
12874
12877
12878
12887
12888
12890
12896
12897
12900
12916
12926
12932
12942
12945
12949
12952
12964
12966
12968
12975
12980
12987
12992
12994
13003
13009
13015
13016
13018
13019
13025
13030
13035
13036
13038
13040
13052
13057
13068
13069
13082
13090
13093
13094
13096
13102
13136
13139
13150
13159
13187
13198
13202
13206
13215
13228
13246
13249
13258
13279
13282
13292
13296
13302
13305
13309
13315
13316
13326
13343
13347
13356
13358
13360
13362
13389
13390
13397
13402
13403
13404
13406
13410
13412
13424
13432
13439
13445
13451
13479
13484
13498
13505
13511
13519
13520
13534
13535
13536
13537
13540
13542
13547
13555
13562
13563
13568
13576
13580
13585
13594
13595
13596
13599
13601
13604
13610
13612
13625
13627
13630
13633
13634
13636
13640
13653
13660
13672
13673
13677
13679
13680
13691
13708
13716
13726
13734
13745
13748
13757
13761
13768
13775
13779
13785
13787
13788
13789
13792
13809
13811
13823
13838
13841
13845
13849
13850
13855
13859
13869
13875
13878
13882
13901
13911
13914
13919
13924
13929
13932
13933
13940
13959
13960
13962
13964
13975
13982
13988
13997
14002
14004
14005
14013
14017
14022
14023
14030
14045
14060
14072
14073
14080
14082
14103
14111
14112
14116
14119
14124
14130
14132
14151
14153
14159
14178
14181
14191
14201
14202
14212
14223
14224
14227
14232
14233
14235
14236
14237
14244
14245
14262
14312
14319
14329
14335
14340
14344
14353
14357
14361
14363
14364
14366
14382
14391
14392
14394
14398
14402
14403
14415
14416
14424
14433
14437
14444
14467
14482
14492
14499
14507
14517
14525
14526
14528
14532
14542
14544
14548
14551
14574
14576
14585
14594
14596
14606
14611
14612
14615
14620
14622
14628
14630
14650
14658
14659
14662
14664
14668
14672
14677
14703
14716
14717
14722
14723
14725
14768
14779
14800
14806
14821
14827
14829
14848
14852
14876
14885
14887
14888
14893
14901
14919
14920
14923
14929
14934
14937
14947
14960
14972
14975
14985
14987
14990
14993
15003
15004
15014
15018
15028
15032
15033
15039
15040
15048
15063
15091
15094
15102
15110
15115
15120
15131
15140
15144
15155
15161
15164
15170
15171
15174
15176
15180
15192
15194
15200
15206
15213
15215
15217
15219
15236
15239
15252
15257
15263
15272
15274
15275
15291
15292
15296
15301
15312
15313
15319
15324
15344
15353
15356
15357
15367
15370
15374
15378
15380
15391
15402
15412
15413
15417
15419
15439
15447
15462
15468
15469
15478
15482
15489
15500
15517
15523
15525
15532
15533
15535
15538
15540
15543
15556
15560
15563
15566
15571
15574
15578
15581
15584
15590
15594
15598
15608
15614
15619
15640
15642
15643
15644
15669
15679
15682
15685
15686
15697
15702
15704
15711
15715
15738
15739
15747
15752
15757
15764
15774
15787
15788
15796
15831
15832
15833
15840
15844
15870
15872
15876
15881
15902
15903
15909
15910
15911
15916
15919
15930
15932
15934
15943
15955
15956
15960
15964
15968
15983
15984
15992
15996
15998
15999
16006
16010
16021
16025
16027
16031
16034
16048
16061
16063
16064
16071
16087
16093
16096
16098
16100
16108
16110
16116
16124
16144
16151
16181
16184
16190
16197
16203
16210
16211
16235
16243
16256
16268
16270
16274
16281
16291
16295
16298
16302
16304
16305
16314
16322
16323
16327
16331
16334
16335
16340
16341
16343
16344
16366
16368
16372
16378
16380
16393
16402
16407
16416
16421
16422
16427
16432
16442
16451
16452
16456
16458
16459
16472
16480
16489
16495
16497
16504
16509
16510
16513
16516
16518
16523
16524
16525
16540
16545
16550
16556
16559
16562
16566
16567
16568
16582
16583
16600
16602
16612
16614
16620
16622
16623
16624
16637
16652
16678
16697
16698
16711
16713
16720
16722
16724
16727
16730
16744
16761
16768
16770
16771
16774
16775
16777
16780
16788
16791
16799
16804
16813
16815
16819
16828
16842
16853
16856
16860
16867
16869
16874
16876
16890
16891
16892
16916
16919
16920
16931
16932
16936
16959
16970
16974
16984
16987
16991
16992
16994
16999
17011
17020
17027
17030
17032
17034
17035
17037
17042
17049
17057
17083
17089
17090
17095
17098
17108
17124
17127
17134
17152
17160
17172
17176
17177
17178
17190
17197
17204
17206
17211
17216
17217
17218
17222
17230
17234
17244
17251
17252
17257
17260
17267
17286
17291
17302
17307
17312
17329
17337
17339
17350
17351
17355
17356
17358
17359
17364
17391
17396
17402
17405
17427
17430
17435
17439
17440
17446
17453
17461
17471
17475
17479
17481
17484
17488
17497
17498
17499
17500
17502
17521
17527
17528
17540
17545
17548
17556
17561
17563
17569
17571
17583
17594
17596
17598
17603
17620
17624
17632
17649
17656
17667
17678
17679
17681
17688
17689
17704
17708
17716
17722
17726
17728
17730
17763
17770
17777
17788
17791
17793
17794
17804
17810
17817
17818
17821
17831
17832
17844
17868
17870
17884
17885
17894
17902
17907
17917
17918
17928
17929
17930
17931
17948
17953
17960
17973
17983
17990
17991
17992
17993
17996
18002
18007
18008
18011
18012
18024
18035
18044
18045
18048
18052
18067
18075
18099
18102
18122
18124
18128
18130
18132
18135
18144
18147
18153
18159
18163
18170
18174
18179
18183
18190
18206
18213
18242
18247
18250
18252
18260
18275
18280
18284
18295
18296
18309
18312
18323
18330
18331
18340
18350
18363
18364
18372
18376
18377
18381
18394
18395
18407
18412
18416
18427
18431
18440
18442
18457
18494
18497
18502
18504
18513
18515
18516
18525
18531
18541
18547
18549
18550
18556
18572
18573
18574
18575
18578
18581
18582
18588
18616
18628
18632
18633
18640
18641
18644
18645
18651
18663
18682
18686
18694
18699
18700
18702
18707
18708
18715
18719
18723
18744
18747
18752
18773
18782
18788
18790
18791
18801
18804
18811
18812
18825
18827
18832
18834
18835
18861
18864
18880
18882
18892
18905
18913
18914
18920
18936
18943
18950
18959
18966
18968
18973
18974
18975
18979
18997
19001
19006
19010
19011
19019
19022
19029
19038
19044
19046
19051
19064
19081
19082
19090
19091
19098
19108
19112
19117
19119
19120
19140
19155
19158
19168
19170
19172
19180
19187
19200
19211
19219
19220
19232
19236
19249
19251
19252
19255
19259
19261
19264
19287
19288
19290
19301
19303
19311
19338
19343
19367
19371
19375
19378
19380
19387
19397
19399
19417
19418
19430
19435
19439
19445
19449
19464
19483
19490
19497
19500
19510
19519
19533
19537
19542
19543
19548
19561
19580
19598
19607
19608
19613
19619
19639
19643
19651
19652
19659
19662
19678
19682
19690
19691
19695
19696
19707
19721
19726
19735
19758
19763
19768
19772
19774
19781
19783
19785
19809
19821
19834
19836
19837
19840
19856
19870
19872
19874
19876
19877
19878
19882
19886
19908
19912
19922
19927
19931
19935
19943
19945
19950
19960
19962
19964
19966
19974
19981
19989
19994
19997
19998
20010
20014
20019
20023
20030
20039
20046
20053
20064
20067
20075
20076
20079
20080
20089
20094
20102
20104
20107
20114
20140
20143
20144
20145
20147
20152
20155
20158
20163
20172
20193
20200
20206
20212
20221
20236
20250
20259
20264
20278
20296
20305
20312
20316
20320
20332
20337
20339
20348
20355
20356
20362
20371
20376
20379
20388
20392
20396
20401
20407
20410
20418
20427
20439
20455
20472
20474
20476
20478
20483
20486
20487
20495
20504
20513
20514
20523
20532
20536
20539
20540
20562
20567
20571
20574
20579
20602
20606
20608
20620
20629
20638
20655
20667
20670
20672
20673
20680
20684
20691
20697
20700
20702
20704
20709
20711
20712
20714
20723
20736
20737
20742
20747
20755
20756
20764
20772
20780
20785
20807
20810
20813
20815
20825
20835
20840
20844
20863
20872
20874
20879
20881
20885
20902
20904
20910
20914
20915
20920
20923
20932
20944
20964
20975
20976
20983
21024
21038
21049
21052
21060
21068
21072
21084
21090
21094
21095
21115
21116
21125
21127
21130
21134
21135
21137
21161
21163
21168
21170
21174
21182
21191
21194
21195
21202
21203
21215
21221
21236
21241
21248
21250
21260
21274
21282
21293
21294
21297
21299
21324
21334
21335
21336
21339
21340
21343
21347
21355
21356
21359
21364
21366
21367
21376
21380
21381
21404
21412
21423
21429
21443
21448
21452
21458
21461
21462
21463
21467
21475
21476
21511
21514
21515
21517
21552
21572
21573
21576
21577
21587
21588
21592
21610
21615
21619
21631
21638
21639
21641
21644
21646
21657
21669
21670
21675
21676
21682
21684
21688
21720
21723
21724
21725
21736
21737
21739
21741
21748
21755
21758
21763
21778
21779
21784
21791
21792
21795
21802
21803
21804
21814
21822
21827
21836
21843
21847
21857
21868
21872
21895
21902
21905
21917
21922
21927
21930
21960
21966
21984
21996
22001
22021
22031
22032
22035
22057
22059
22075
22079
22081
22085
22091
22095
22112
22119
22132
22136
22138
22141
22156
22157
22159
22160
22170
22173
22178
22183
22193
22196
22209
22217
22219
22224
22243
22259
22274
22275
22282
22286
22319
22329
22330
22335
22339
22341
22350
22355
22359
22368
22394
22412
22419
22422
22427
22431
22434
22437
22461
22464
22486
22489
22495
22499
22500
22515
22523
22539
22543
22544
22551
22552
22553
22559
22571
22573
22576
22577
22585
22598
22601
22606
22618
22628
22631
22634
22636
22641
22663
22668
22684
22692
22700
22707
22711
22718
22721
22729
22734
22736
22740
22749
22751
22768
22772
22774
22783
22790
22801
22805
22811
22814
22815
22819
22823
22836
22845
22853
22859
22867
22870
22871
22873
22891
22892
22899
22918
22920
22938
22941
22959
22971
22980
22988
22996
23002
23003
23013
23014
23019
23029
23050
23052
23059
23080
23082
23085
23107
23109
23111
23114
23115
23158
23169
23172
23176
23180
23184
23200
23204
23208
23215
23223
23229
23230
23232
23233
23234
23236
23239
23243
23244
23245
23252
23260
23261
23263
23270
23271
23287
23288
23291
23292
23300
23301
23311
23321
23323
23324
23344
23348
23349
23352
23362
23370
23380
23382
23384
23390
23393
23395
23419
23428
23431
23434
23435
23438
23439
23441
23456
23459
23470
23474
23496
23501
23502
23517
23518
23524
23525
23531
23536
23555
23569
23572
23574
23575
23578
23584
23585
23587
23595
23603
23608
23612
23616
23620
23627
23630
23631
23634
23642
23646
23648
23663
23670
23674
23682
23687
23690
23692
23694
23695
23704
23711
23715
23722
23728
23732
23740
23749
23752
23756
23763
23776
23803
23814
23816
23824
23825
23828
23834
23836
23838
23842
23851
23863
23874
23898
23900
23905
23920
23926
23947
23951
23953
23958
23963
23966
23968
23971
23980
23982
23988
23993
23999
24007
24015
24016
24018
24022
24028
24030
24031
24038
24044
24049
24063
24074
24083
24084
24090
24094
24115
24116
24122
24123
24128
24160
24164
24168
24172
24179
24180
24183
24184
24190
24198
24210
24211
24212
24225
24228
24229
24235
24237
24252
24264
24271
24276
24283
24291
24292
24299
24300
24302
24320
24322
24323
24327
24328
24332
24345
24358
24366
24377
24382
24384
24393
24403
24409
24416
24428
24431
24433
24459
24460
24482
24487
24490
24492
24496
24510
24511
24514
24524
24540
24550
24555
24568
24572
24590
24602
24605
24612
24615
24622
24642
24648
24649
24678
24682
24688
24696
24699
24715
24728
24729
24735
24747
24751
24762
24766
24771
24772
24774
24778
24785
24795
24804
24811
24814
24816
24820
24823
24840
24842
24856
24867
24880
24882
24902
24905
24907
24913
24917
24926
24928
24941
24943
24944
24956
24968
24974
24978
24979
24990
24996
25003
25020
25023
25024
25060
25062
25064
25077
25081
25082
25085
25100
25101
25102
25108
25110
25111
25116
25122
25133
25134
25140
25155
25166
25175
25183
25187
25188
25218
25219
25239
25245
25246
25252
25256
25259
25267
25268
25270
25272
25273
25280
25292
25293
25296
25300
25309
25315
25329
25332
25350
25351
25352
25353
25359
25360
25366
25371
25373
25376
25379
25381
25383
25384
25388
25393
25395
25399
25412
25419
25435
25439
25446
25464
25470
25478
25479
25494
25496
25497
25500
25510
25514
25516
25520
25527
25533
25539
25571
25580
25587
25598
25600
25601
25605
25608
25610
25616
25635
25637
25658
25672
25673
25675
25694
25707
25708
25730
25732
25737
25740
25753
25768
25770
25773
25774
25776
25782
25787
25795
25797
25801
25830
25836
25841
25849
25856
25862
25863
25874
25903
25907
25912
25919
25921
25931
25940
25947
25956
25975
25976
25980
25983
25988
25993
25994
25996
26000
26016
26022
26034
26037
26038
26048
26049
26055
26060
26081
26092
26099
26100
26101
26104
26109
26115
26116
26119
26126
26130
26131
26134
26136
26138
26147
26157
26161
26164
26172
26176
26179
26191
26192
26193
26195
26196
26203
26206
26236
26240
26250
26260
26276
26278
26279
26288
26292
26303
26317
26318
26319
26325
26330
26333
26337
26344
26347
26350
26352
26368
26372
26374
26381
26393
26394
26398
26402
26403
26407
26410
26412
26416
26425
26438
26459
26460
26462
26475
26476
26477
26488
26490
26491
26498
26500
26503
26519
26528
26530
26547
26552
26555
26559
26563
26571
26572
26583
26590
26611
26621
26625
26628
26630
26632
26640
26643
26646
26680
26688
26714
26717
26721
26727
26748
26753
26759
26762
26776
26787
26790
26792
26795
26803
26822
26830
26838
26851
26856
26893
26915
26919
26928
26929
26931
26940
26944
26950
26955
26956
26962
26978
27011
27016
27018
27020
27032
27034
27038
27044
27047
27050
27053
27055
27056
27072
27078
27091
27093
27095
27109
27114
27119
27135
27136
27137
27142
27144
27148
27151
27160
27180
27185
27194
27215
27221
27222
27224
27225
27230
27232
27241
27242
27252
27263
27271
27282
27287
27288
27289
27291
27297
27309
27314
27322
27325
27334
27337
27340
27359
27362
27369
27381
27390
27397
27408
27416
27421
27423
27425
27434
27436
27459
27460
27467
27474
27476
27481
27492
27495
27498
27514
27515
27534
27550
27555
27566
27568
27570
27572
27577
27590
27617
27618
27619
27625
27636
27646
27650
27653
27660
27662
27681
27688
27690
27725
27729
27732
27735
27738
27747
27748
27751
27755
27769
27784
27791
27792
27802
27803
27806
27811
27823
27832
27835
27839
27848
27852
27855
27862
27864
27872
27898
27902
27903
27910
27922
27927
27933
27944
27955
27964
27969
27974
27988
27994
27997
27999
28016
28020
28034
28037
28075
28083
28086
28096
28098
28101
28105
28107
28110
28111
28126
28133
28138
28142
28144
28171
28175
28177
28178
28183
28190
28194
28198
28206
28210
28217
28220
28224
28236
28243
28246
28255
28257
28259
28263
28264
28273
28280
28284
28286
28291
28293
28299
28302
28316
28317
28330
28341
28348
28361
28369
28377
28379
28387
28395
28404
28414
28418
28439
28440
28444
28450
28452
28460
28464
28473
28481
28488
28501
28503
28508
28509
28534
28536
28542
28551
28555
28556
28557
28574
28592
28600
28601
28614
28616
28629
28635
28638
28650
28657
28667
28671
28675
28677
28726
28737
28740
28745
28750
28752
28759
28760
28763
28780
28787
28788
28794
28796
28803
28805
28815
28831
28844
28846
28848
28856
28859
28871
28891
28896
28899
28900
28904
28905
28912
28920
28922
28924
28928
28933
28935
28938
28963
28967
28969
28971
28974
28976
28979
28983
28987
28999
29000
29010
29028
29044
29055
29056
29060
29068
29086
29088
29095
29096
29102
29107
29110
29112
29118
29119
29128
29135
29138
29141
29147
29152
29153
29157
29162
29184
29194
29195
29196
29203
29216
29222
29229
29234
29236
29240
29258
29273
29274
29277
29297
29302
29314
29318
29322
29332
29349
29350
29361
29362
29364
29390
29395
29396
29402
29409
29441
29445
29451
29452
29472
29475
29478
29480
29492
29494
29530
29531
29534
29536
29539
29542
29556
29563
29571
29584
29585
29588
29592
29602
29608
29617
29623
29635
29636
29637
29645
29648
29650
29651
29656
29657
29658
29668
29671
29678
29679
29688
29690
29692
29699
29708
29712
29723
29725
29731
29739
29741
29742
29767
29769
29773
29775
29781
29782
29784
29812
29814
29817
29823
29832
29839
29840
29842
29848
29861
29875
29880
29886
29892
29895
29903
29907
29914
29915
29926
29935
29937
29944
29951
29966
29980
29981
29985
29990
29996
29997
29999
30005
30014
30022
30025
30027
30034
30039
30040
30061
30064
30078
30083
30090
30099
30107
30108
30124
30130
30142
30151
30155
30163
30166
30169
30173
30176
30182
30190
30199
30200
30206
30210
30211
30216
30220
30222
30249
30255
30260
30270
30274
30277
30294
30295
30302
30309
30311
30316
30327
30330
30331
30332
30340
30362
30363
30374
30380
30385
30399
30401
30405
30406
30415
30418
30430
30432
30438
30442
30444
30456
30459
30460
30462
30467
30477
30486
30498
30499
30505
30510
30512
30525
30539
30543
30553
30559
30568
30579
30580
30582
30583
30585
30596
30603
30622
30624
30632
30641
30649
30652
30657
30667
30670
30675
30678
30684
30686
30691
30692
30693
30712
30719
30726
30727
30741
30748
30751
30758
30762
30764
30771
30774
30776
30777
30780
30785
30790
30795
30811
30812
30817
30827
30833
30850
30853
30870
30872
30879
30880
30883
30897
30920
30923
30932
30948
30966
30968
30978
30979
30982
30983
30988
30992
31004
31009
31012
31027
31029
31033
31034
31035
31048
31052
31064
31068
31070
31075
31085
31088
31091
31095
31096
31097
31100
31102
31103
31110
31115
31128
31130
31136
31149
31163
31175
31177
31182
31183
31191
31203
31212
31214
31253
31255
31275
31292
31297
31299
31300
31301
31310
31320
31329
31335
31350
31356
31359
31363
31374
31376
31377
31391
31399
31413
31414
31419
31464
31471
31472
31480
31494
31499
31505
31513
31516
31518
31520
31528
31535
31536
31552
31555
31562
31564
31576
31590
31594
31617
31620
31622
31627
31631
31635
31637
31643
31646
31653
31667
31675
31688
31694
31695
31701
31702
31707
31734
31743
31744
31758
31780
31783
31784
31791
31820
31823
31828
31830
31832
31834
31851
31863
31868
31873
31877
31879
31880
31882
31888
31902
31913
31922
31923
31928
31939
31944
31945
31957
31978
31987
31988
32002
32006
32010
32014
32017
32023
32027
32036
32037
32051
32055
32070
32076
32081
32084
32097
32104
32134
32144
32152
32155
32179
32188
32200
32204
32206
32215
32220
32221
32223
32224
32253
32262
32272
32273
32276
32280
32290
32291
32292
32298
32310
32311
32317
32318
32330
32335
32339
32347
32350
32352
32357
32374
32380
32387
32390
32393
32401
32402
32417
32434
32437
32440
32442
32452
32462
32477
32486
32493
32495
32505
32517
32521
32526
32533
32536
32545
32555
32560
32568
32573
32574
32579
32584
32601
32602
32604
32608
32610
32635
32637
32643
32650
32659
32672
32684
32686
32690
32691
32700
32707
32715
32717
32738
32741
32742
32749
32752
32757
32779
32782
32783
32784
32787
32791
32798
32813
32836
32843
32844
32852
32855
32858
32859
32862
32864
32867
32875
32894
32904
32910
32912
32913
32914
32916
32928
32932
32935
32939
32944
32956
32958
32959
32960
32967
32972
32980
32981
32983
32990
32994
32996
33011
33024
33027
33030
33037
33038
33051
33070
33076
33077
33082
33084
33091
33095
33101
33103
33114
33123
33128
33130
33131
33135
33136
33144
33155
33162
33170
33190
33192
33193
33203
33207
33210
33211
33215
33216
33225
33227
33228
33248
33249
33257
33270
33273
33276
33289
33294
33298
33314
33339
33341
33361
33363
33372
33376
33383
33410
33418
33419
33422
33434
33436
33442
33445
33450
33451
33462
33463
33469
33475
33478
33484
33491
33501
33502
33510
33511
33530
33536
33543
33557
33561
33564
33566
33571
33572
33588
33589
33593
33598
33599
33600
33603
33617
33632
33635
33639
33640
33644
33651
33652
33658
33660
33674
33676
33691
33693
33697
33704
33708
33716
33720
33734
33735
33739
33740
33748
33753
33755
33756
33763
33766
33767
33775
33784
33785
33796
33799
33814
33821
33848
33886
33890
33896
33897
33898
33905
33907
33922
33926
33928
33933
33935
33938
33944
33952
33959
33975
33978
33979
33983
33987
33988
33996
34005
34012
34015
34032
34060
34076
34088
34089
34095
34104
34116
34118
34120
34123
34124
34142
34151
34157
34164
34175
34178
34180
34190
34194
34204
34210
34219
34225
34227
34230
34242
34247
34249
34250
34260
34269
34276
34277
34284
34299
34300
34303
34307
34310
34321
34336
34343
34348
34352
34361
34364
34366
34380
34383
34384
34389
34400
34411
34416
34417
34431
34437
34445
34449
34451
34464
34492
34494
34498
34512
34526
34536
34540
34548
34559
34562
34563
34566
34575
34579
34599
34605
34614
34615
34622
34624
34625
34632
34635
34640
34642
34653
34655
34659
34680
34682
34683
34692
34696
34707
34714
34716
34720
34731
34739
34740
34747
34753
34766
34772
34784
34785
34787
34788
34794
34810
34813
34840
34845
34857
34860
34870
34878
34888
34904
34905
34911
34938
34939
34943
34967
34969
34976
34990
34991
34994
34995
34996
35022
35035
35042
35044
35046
35047
35061
35064
35068
35071
35079
35089
35092
35093
35094
35103
35110
35112
35114
35119
35123
35132
35134
35135
35143
35151
35152
35153
35155
35162
35168
35171
35176
35177
35178
35179
35185
35190
35196
35201
35202
35211
35212
35235
35240
35241
35244
35250
35251
35267
35268
35276
35302
35303
35320
35325
35328
35332
35344
35347
35352
35359
35364
35381
35382
35383
35390
35397
35399
35413
35419
35435
35441
35444
35457
35458
35464
35467
35473
35474
35476
35482
35483
35492
35499
35517
35521
35531
35538
35543
35547
35557
35568
35571
35577
35591
35594
35603
35604
35605
35623
35624
35630
35631
35646
35652
35655
35656
35660
35683
35684
35690
35695
35712
35713
35715
35718
35728
35731
35732
35743
35748
35775
35796
35820
35833
35837
35839
35850
35860
35871
35872
35874
35875
35888
35911
35914
35915
35932
35935
35938
35947
35951
35955
35964
35970
35984
35992
35999
36020
36030
36032
36036
36039
36040
36048
36049
36052
36053
36056
36060
36062
36067
36069
36073
36076
36078
36080
36083
36094
36095
36097
36100
36101
36102
36112
36114
36115
36122
36123
36125
36126
36131
36147
36153
36173
36176
36180
36189
36190
36192
36196
36197
36212
36217
36222
36234
36235
36242
36243
36244
36256
36264
36281
36288
36304
36311
36316
36328
36347
36353
36359
36362
36371
36372
36378
36379
36388
36390
36392
36399
36405
36406
36408
36411
36432
36433
36446
36450
36455
36459
36473
36474
36475
36495
36500
36508
36515
36518
36520
36521
36535
36536
36537
36539
36540
36545
36556
36562
36568
36573
36575
36576
36580
36587
36600
36613
36615
36630
36634
36637
36641
36643
36651
36656
36659
36668
36669
36671
36672
36677
36697
36705
36717
36723
36725
36730
36734
36747
36755
36757
36769
36772
36775
36777
36779
36790
36796
36802
36816
36845
36851
36852
36857
36872
36886
36894
36901
36902
36907
36910
36915
36917
36919
36928
36930
36931
36935
36942
36951
36953
36956
36960
36962
36968
36969
36971
36990
36992
36998
36999
37000
37003
37005
37006
37009
37020
37027
37031
37036
37043
37061
37064
37067
37071
37082
37084
37085
37090
37103
37119
37127
37132
37133
37140
37141
37151
37170
37172
37183
37195
37197
37202
37204
37208
37217
37231
37250
37261
37274
37279
37281
37290
37293
37305
37314
37315
37320
37322
37324
37326
37351
37364
37366
37383
37385
37395
37403
37423
37427
37434
37447
37450
37458
37460
37461
37468
37479
37501
37510
37511
37517
37522
37531
37548
37552
37562
37563
37571
37578
37583
37595
37601
37602
37608
37634
37636
37652
37655
37671
37677
37690
37691
37700
37701
37710
37715
37723
37726
37730
37732
37735
37760
37775
37783
37784
37792
37793
37800
37802
37815
37816
37818
37822
37825
37833
37834
37853
37856
37859
37871
37882
37891
37900
37912
37914
37934
37940
37944
37952
37955
37963
37966
37975
37977
37982
37999
38000
38008
38021
38027
38028
38030
38037
38045
38051
38052
38059
38062
38063
38082
38085
38095
38097
38099
38110
38114
38126
38132
38140
38145
38147
38149
38152
38166
38168
38171
38180
38183
38187
38188
38194
38204
38214
38215
38230
38236
38244
38246
38247
38250
38252
38269
38273
38281
38288
38292
38310
38320
38336
38341
38342
38343
38344
38358
38359
38368
38375
38383
38396
38408
38414
38433
38435
38436
38439
38440
38442
38444
38457
38460
38472
38478
38479
38480
38488
38500
38502
38507
38511
38515
38523
38538
38544
38550
38553
38560
38562
38579
38591
38592
38593
38604
38606
38621
38623
38624
38632
38636
38637
38640
38644
38650
38672
38673
38676
38684
38685
38686
38689
38694
38696
38707
38713
38723
38726
38735
38736
38737
38744
38755
38762
38764
38773
38780
38785
38788
38790
38797
38799
38811
38813
38814
38823
38830
38832
38834
38855
38857
38863
38864
38872
38873
38874
38878
38881
38899
38900
38914
38922
38925
38936
38967
38968
38980
38985
38988
38998
38999
39000
39008
39016
39023
39024
39034
39040
39085
39086
39094
39101
39108
39112
39113
39114
39118
39121
39129
39130
39136
39137
39141
39170
39192
39197
39200
39204
39216
39219
39224
39228
39231
39235
39239
39241
39245
39251
39260
39274
39292
39293
39311
39316
39337
39347
39351
39352
39356
39367
39380
39387
39395
39396
39398
39408
39412
39413
39429
39435
39442
39443
39447
39452
39484
39488
39489
39490
39502
39504
39510
39515
39517
39523
39530
39532
39540
39545
39547
39552
39590
39591
39603
39605
39606
39628
39636
39637
39644
39658
39659
39661
39664
39674
39675
39683
39691
39700
39704
39719
39721
39724
39729
39739
39745
39750
39767
39768
39769
39771
39801
39804
39812
39813
39823
39828
39836
39843
39856
39870
39871
39874
39882
39885
39898
39919
39923
39936
39941
39970
39971
39974
39976
39980
39983
39988
39991
39995
39996
40012
40016
40020
40023
40033
40037
40053
40073
40082
40084
40088
40093
40120
40122
40136
40137
40141
40158
40161
40164
40175
40176
40187
40188
40190
40192
40199
40203
40204
40208
40211
40216
40221
40248
40259
40260
40267
40271
40273
40275
40284
40294
40305
40318
40322
40328
40339
40340
40357
40359
40366
40371
40379
40400
40402
40403
40407
40412
40415
40420
40431
40432
40441
40451
40452
40456
40468
40472
40473
40474
40480
40483
40484
40488
40490
40493
40495
40526
40530
40559
40560
40563
40570
40590
40595
40596
40627
40636
40638
40650
40661
40668
40670
40672
40679
40680
40683
40684
40697
40721
40724
40725
40735
40740
40755
40759
40766
40782
40795
40798
40801
40802
40811
40813
40821
40836
40857
40860
40862
40863
40867
40870
40890
40897
40898
40899
40900
40902
40911
40917
40920
40923
40928
40931
40932
40935
40944
40950
40959
40960
40963
40966
40967
40980
40989
41002
41019
41023
41027
41033
41039
41045
41051
41059
41067
41076
41090
41091
41108
41109
41110
41116
41136
41140
41169
41171
41172
41177
41182
41184
41205
41208
41212
41214
41215
41218
41227
41229
41233
41241
41246
41253
41262
41278
41288
41291
41293
41297
41314
41322
41328
41367
41372
41374
41376
41378
41379
41380
41384
41400
41406
41409
41411
41415
41423
41430
41443
41444
41455
41461
41470
41501
41503
41508
41512
41519
41522
41524
41541
41545
41551
41552
41568
41576
41578
41590
41605
41606
41613
41634
41652
41659
41660
41662
41672
41673
41674
41682
41716
41728
41734
41739
41753
41755
41771
41785
41788
41792
41802
41821
41827
41828
41832
41835
41836
41843
41848
41850
41851
41852
41856
41864
41868
41872
41873
41882
41883
41894
41900
41903
41908
41912
41939
41943
41944
41949
41955
41959
41960
41983
41987
41993
42003
42005
42010
42012
42014
42015
42031
42032
42034
42035
42040
42044
42045
42049
42077
42086
42091
42103
42104
42110
42112
42123
42125
42126
42139
42142
42159
42162
42176
42179
42187
42194
42206
42220
42234
42238
42261
42279
42296
42297
42299
42304
42310
42314
42317
42336
42339
42340
42342
42345
42356
42366
42370
42377
42395
42401
42402
42406
42428
42432
42433
42443
42448
42450
42453
42459
42474
42496
42507
42511
42529
42534
42535
42539
42547
42562
42572
42577
42581
42595
42599
42608
42615
42620
42621
42625
42638
42641
42648
42652
42658
42659
42661
42677
42690
42700
42717
42725
42727
42744
42752
42756
42768
42774
42776
42782
42791
42810
42815
42818
42824
42825
42831
42839
42842
42843
42848
42879
42882
42888
42890
42892
42894
42904
42908
42910
42912
42926
42931
42936
42940
42942
42950
42951
42955
42968
42983
42995
42999
43010
43021
43027
43030
43036
43044
43050
43052
43056
43057
43072
43080
43081
43082
43089
43103
43104
43116
43123
43126
43148
43151
43175
43182
43189
43196
43198
43199
43203
43209
43218
43240
43242
43255
43256
43264
43273
43279
43288
43296
43300
43301
43302
43309
43311
43321
43326
43328
43332
43334
43339
43342
43355
43359
43379
43385
43390
43392
43394
43395
43399
43402
43405
43408
43410
43416
43420
43425
43431
43432
43440
43458
43472
43481
43482
43492
43503
43505
43507
43516
43523
43527
43532
43540
43547
43549
43551
43556
43557
43561
43563
43580
43584
43592
43596
43606
43609
43611
43613
43620
43635
43643
43644
43655
43657
43660
43662
43663
43664
43673
43674
43684
43689
43700
43708
43720
43724
43745
43761
43770
43779
43780
43787
43790
43792
43796
43797
43799
43803
43804
43822
43824
43832
43833
43839
43845
43846
43850
43871
43874
43882
43892
43897
43900
43901
43903
43920
43924
43934
43937
43943
43944
43948
43952
43971
43978
43982
43987
44000
44011
44029
44039
44052
44056
44060
44061
44064
44072
44082
44083
44088
44090
44091
44095
44097
44100
44102
44105
44108
44116
44123
44135
44141
44148
44156
44160
44161
44166
44167
44170
44176
44183
44192
44195
44199
44203
44211
44215
44218
44220
44223
44229
44243
44259
44261
44281
44294
44296
44298
44317
44318
44333
44340
44349
44355
44356
44357
44370
44376
44377
44379
44380
44383
44393
44394
44412
44414
44422
44425
44451
44472
44474
44478
44479
44485
44486
44495
44501
44513
44515
44523
44529
44533
44545
44579
44595
44597
44619
44627
44629
44641
44642
44647
44649
44655
44659
44660
44672
44674
44680
44681
44684
44702
44707
44713
44715
44731
44738
44742
44749
44752
44755
44756
44757
44758
44759
44771
44781
44792
44807
44812
44817
44838
44846
44850
44862
44871
44872
44886
44890
44891
44892
44894
44895
44901
44908
44915
44917
44922
44936
44939
44945
44953
44956
44964
44978
44984
44990
44991
44992
44994
44995
45000
45002
45018
45033
45038
45039
45048
45050
45057
45059
45061
45073
45076
45090
45095
45101
45102
45104
45105
45107
45111
45118
45120
45121
45127
45131
45136
45141
45142
45144
45162
45174
45179
45184
45185
45219
45227
45244
45248
45250
45256
45260
45261
45272
45286
45300
45304
45311
45315
45316
45324
45326
45340
45358
45374
45378
45390
45392
45393
45402
45405
45409
45412
45453
45462
45463
45472
45478
45484
45496
45503
45510
45511
45515
45523
45532
45534
45540
45543
45544
45545
45547
45551
45566
45593
45599
45601
45603
45604
45617
45619
45632
45635
45639
45663
45664
45667
45668
45676
45683
45700
45704
45719
45731
45732
45748
45758
45760
45767
45772
45775
45778
45779
45789
45791
45793
45802
45804
45820
45829
45831
45849
45855
45861
45863
45871
45881
45882
45883
45891
45896
45905
45909
45914
45915
45916
45917
45930
45932
45939
45941
45942
45950
45958
45971
45973
45975
45980
45984
45991
45998
46010
46020
46034
46036
46037
46043
46048
46051
46052
46062
46071
46075
46082
46090
46098
46100
46103
46105
46107
46110
46114
46130
46132
46141
46147
46158
46163
46164
46172
46174
46182
46184
46187
46188
46198
46211
46216
46242
46249
46256
46259
46260
46264
46267
46268
46273
46280
46284
46290
46294
46295
46300
46311
46316
46335
46338
46340
46342
46348
46353
46360
46363
46364
46373
46376
46379
46395
46398
46402
46427
46429
46467
46475
46476
46477
46480
46487
46489
46492
46508
46514
46536
46559
46562
46567
46579
46584
46588
46600
46601
46602
46612
46625
46631
46636
46638
46642
46645
46653
46664
46679
46696
46719
46739
46744
46748
46751
46756
46779
46792
46797
46799
46803
46814
46816
46822
46827
46828
46832
46839
46848
46850
46852
46853
46857
46860
46863
46867
46872
46881
46894
46895
46911
46919
46924
46938
46940
46947
46952
46953
46955
46972
46973
46976
46981
46982
46983
46989
46997
47003
47004
47014
47021
47034
47036
47043
47059
47068
47085
47089
47098
47102
47104
47111
47116
47120
47121
47122
47128
47135
47140
47144
47150
47158
47162
47164
47172
47175
47184
47191
47208
47210
47213
47215
47223
47230
47241
47243
47289
47290
47292
47295
47301
47319
47324
47326
47329
47334
47339
47342
47350
47359
47367
47372
47380
47382
47391
47395
47409
47421
47428
47435
47449
47452
47456
47459
47469
47475
47476
47480
47484
47485
47486
47491
47508
47514
47522
47526
47536
47544
47550
47553
47555
47557
47562
47599
47631
47640
47643
47646
47663
47664
47674
47675
47676
47680
47682
47683
47698
47700
47709
47718
47725
47736
47744
47748
47756
47757
47758
47763
47764
47766
47774
47778
47780
47791
47793
47801
47804
47812
47814
47830
47838
47852
47861
47870
47874
47877
47880
47883
47884
47898
47918
47921
47925
47929
47932
47934
47941
47942
47948
47961
47987
47994
47995
48005
48014
48018
48039
48042
48043
48045
48048
48064
48070
48071
48074
48075
48076
48078
48091
48092
48108
48112
48138
48151
48152
48173
48178
48179
48202
48213
48221
48225
48233
48234
48241
48247
48255
48256
48257
48276
48281
48292
48299
48302
48304
48307
48312
48316
48317
48326
48334
48338
48339
48343
48345
48348
48349
48350
48366
48369
48372
48380
48383
48398
48400
48406
48407
48415
48422
48425
48427
48433
48434
48446
48462
48467
48468
48472
48479
48480
48505
48511
48514
48517
48526
48528
48530
48537
48540
48544
48551
48555
48563
48567
48571
48579
48585
48603
48632
48635
48641
48643
48646
48658
48664
48668
48688
48691
48701
48709
48713
48716
48722
48729
48730
48731
48736
48752
48755
48759
48761
48762
48780
48785
48787
48792
48796
48797
48806
48828
48832
48844
48849
48874
48875
48896
48903
48904
48911
48913
48916
48947
48949
48952
48961
48971
48976
48978
48980
48995
48997
49013
49014
49022
49043
49044
49050
49059
49108
49122
49124
49130
49134
49135
49139
49149
49162
49172
49173
49176
49179
49181
49183
49190
49198
49204
49206
49214
49232
49244
49252
49258
49263
49269
49276
49283
49291
49295
49300
49302
49317
49318
49320
49331
49341
49345
49347
49369
49372
49375
49376
49378
49382
49391
49392
49403
49404
49412
49419
49427
49443
49460
49474
49480
49482
49484
49491
49499
49500
49513
49515
49527
49530
49531
49551
49559
49568
49569
49571
49572
49574
49575
49576
49577
49578
49582
49583
49587
49592
49594
49603
49607
49611
49615
49624
49628
49634
49636
49648
49660
49672
49682
49691
49703
49711
49732
49735
49756
49759
49764
49784
49793
49798
49801
49809
49815
49839
49850
49851
49856
49861
49867
49873
49876
49881
49893
49899
49907
49912
49923
49927
49931
49932
49936
49940
49942
49950
49952
49955
49956
49968
49990
49991
49994
49998
49999
50000
50004
50005
50007
50015
50020
50032
50042
50062
50086
50089
50094
50097
50099
50104
50105
50108
50112
50139
50140
50144
50147
50148
50164
50176
50178
50185
50191
50192
50196
50199
50206
50209
50220
50221
50222
50228
50230
50240
50241
50250
50252
50255
50264
50273
50282
50297
50302
50315
50323
50324
50334
50339
50342
50351
50355
50356
50357
50366
50368
50370
50371
50392
50393
50397
50416
50419
50428
50431
50437
50440
50452
50464
50471
50474
50480
50484
50492
50499
50502
50507
50508
50518
50522
50540
50543
50550
50562
50566
50570
50576
50580
50583
50584
50603
50616
50624
50627
50638
50642
50644
50656
50657
50667
50682
50700
50704
50711
50712
50718
50726
50732
50750
50752
50753
50760
50768
50769
50778
50790
50794
50804
50810
50814
50815
50817
50853
50855
50859
50873
50876
50879
50887
50896
50901
50908
50911
50913
50914
50936
50958
50972
50975
50978
50979
51006
51019
51022
51044
51055
51056
51057
51059
51063
51064
51079
51086
51090
51107
51108
51110
51114
51116
51128
51132
51138
51159
51161
51168
51174
51179
51189
51194
51210
51216
51225
51227
51231
51246
51267
51276
51278
51280
51282
51285
51289
51290
51294
51302
51313
51315
51321
51330
51351
51352
51355
51359
51376
51377
51397
51399
51403
51404
51411
51413
51420
51424
51427
51436
51450
51451
51457
51459
51480
51489
51494
51501
51510
51522
51540
51556
51559
51571
51580
51588
51589
51596
51604
51609
51617
51623
51624
51628
51632
51644
51645
51649
51660
51667
51675
51678
51692
51699
51702
51708
51716
51735
51736
51755
51762
51772
51774
51790
51798
51800
51802
51806
51813
51819
51827
51834
51836
51842
51852
51864
51873
51876
51879
51880
51897
51912
51934
51944
51964
51970
51983
51990
51991
51993
52000
52010
52020
52021
52028
52040
52042
52045
52046
52048
52056
52057
52062
52067
52073
52077
52089
52090
52094
52102
52107
52112
52121
52124
52125
52130
52139
52145
52147
52150
52153
52155
52163
52168
52172
52174
52184
52189
52191
52195
52198
52199
52201
52203
52208
52237
52246
52247
52251
52255
52264
52286
52299
52300
52301
52302
52309
52315
52321
52327
52344
52356
52364
52369
52370
52373
52396
52403
52404
52411
52416
52428
52430
52448
52451
52455
52462
52476
52480
52486
52493
52496
52497
52503
52537
52541
52547
52551
52561
52562
52567
52601
52604
52609
52612
52622
52633
52638
52639
52648
52655
52660
52662
52672
52675
52679
52680
52686
52691
52707
52708
52719
52724
52728
52735
52737
52740
52741
52750
52763
52783
52784
52795
52797
52800
52822
52827
52842
52851
52869
52875
52880
52888
52912
52923
52926
52935
52936
52937
52939
52950
52958
52961
52966
52967
52971
52976
52979
52988
52993
52999
53004
53015
53023
53028
53029
53032
53034
53038
53039
53044
53045
53047
53048
53053
53057
53080
53081
53095
53099
53105
53115
53119
53122
53127
53130
53135
53136
53140
53155
53170
53176
53179
53183
53192
53195
53202
53207
53210
53216
53223
53225
53231
53241
53242
53260
53263
53269
53275
53282
53294
53295
53298
53299
53304
53320
53326
53343
53350
53356
53357
53383
53390
53392
53395
53416
53432
53443
53468
53476
53478
53486
53491
53492
53496
53498
53499
53500
53517
53519
53533
53540
53541
53552
53563
53566
53570
53574
53580
53583
53599
53606
53610
53620
53630
53638
53641
53646
53650
53668
53670
53672
53676
53690
53691
53695
53714
53716
53722
53724
53738
53740
53748
53752
53771
53774
53775
53779
53782
53788
53793
53811
53825
53831
53834
53838
53843
53851
53859
53889
53890
53891
53893
53900
53910
53911
53914
53924
53933
53935
53937
53955
53958
53973
53977
53990
53995
54006
54015
54016
54053
54080
54091
54101
54103
54105
54113
54133
54136
54137
54141
54152
54175
54179
54180
54182
54193
54198
54206
54219
54220
54247
54251
54267
54282
54291
54300
54318
54319
54324
54335
54360
54361
54368
54375
54378
54379
54380
54399
54410
54414
54423
54431
54440
54441
54458
54462
54467
54479
54487
54488
54494
54497
54499
54500
54516
54523
54543
54567
54577
54578
54595
54597
54603
54612
54616
54622
54627
54643
54646
54684
54691
54712
54714
54727
54729
54730
54734
54740
54743
54752
54759
54760
54761
54762
54775
54776
54793
54794
54795
54798
54800
54802
54804
54829
54830
54851
54852
54857
54858
54864
54872
54874
54880
54882
54883
54913
54930
54934
54935
54936
54941
54960
54967
54971
54973
54974
54976
54977
54980
54982
55001
55004
55006
55017
55024
55036
55053
55064
55071
55074
55076
55082
55084
55107
55113
55116
55126
55132
55135
55137
55138
55139
55145
55156
55172
55192
55197
55205
55213
55214
55221
55222
55231
55233
55246
55259
55264
55267
55281
55285
55287
55288
55291
55299
55300
55302
55316
55318
55319
55321
55333
55334
55336
55340
55347
55355
55372
55373
55376
55388
55397
55399
55404
55427
55436
55440
55448
55449
55450
55456
55460
55464
55483
55485
55496
55500
55511
55517
55531
55537
55547
55563
55572
55583
55588
55594
55603
55605
55612
55618
55620
55621
55631
55634
55638
55643
55648
55667
55679
55687
55689
55702
55708
55711
55712
55716
55729
55730
55732
55742
55744
55757
55759
55762
55771
55772
55792
55793
55796
55801
55803
55809
55810
55815
55817
55823
55827
55837
55842
55851
55852
55853
55875
55877
55878
55880
55886
55892
55898
55909
55914
55915
55929
55943
55955
55960
55968
55969
55974
55990
55993
55999
56002
56012
56027
56032
56038
56039
56041
56060
56067
56068
56071
56072
56075
56077
56078
56084
56092
56105
56107
56112
56116
56121
56125
56130
56134
56142
56151
56153
56164
56166
56179
56180
56187
56190
56192
56195
56200
56210
56212
56216
56222
56228
56235
56236
56238
56244
56257
56258
56263
56264
56277
56278
56279
56280
56296
56303
56304
56323
56327
56328
56336
56344
56347
56355
56356
56357
56366
56371
56372
56377
56379
56391
56403
56413
56414
56428
56441
56451
56457
56459
56467
56476
56479
56480
56484
56496
56501
56521
56530
56532
56535
56542
56563
56566
56570
56575
56579
56584
56585
56597
56603
56606
56616
56625
56632
56635
56652
56655
56662
56683
56684
56692
56694
56695
56698
56699
56703
56704
56709
56710
56719
56722
56723
56728
56737
56738
56747
56752
56758
56762
56770
56774
56777
56778
56780
56782
56788
56791
56794
56796
56798
56802
56809
56810
56820
56824
56830
56834
56846
56868
56871
56874
56880
56881
56886
56887
56888
56894
56895
56902
56910
56917
56924
56934
56948
56952
56959
56960
56966
56967
56983
56984
56990
56996
57000
57002
57005
57016
57017
57027
57034
57039
57056
57061
57070
57081
57082
57090
57097
57102
57104
57117
57120
57122
57136
57140
57144
57148
57157
57162
57163
57164
57166
57172
57174
57179
57187
57192
57197
57204
57207
57216
57219
57220
57227
57236
57238
57250
57251
57257
57259
57276
57278
57281
57282
57295
57304
57322
57333
57334
57336
57338
57342
57343
57352
57356
57367
57368
57370
57376
57379
57391
57402
57411
57414
57416
57420
57425
57428
57443
57451
57455
57467
57475
57478
57491
57492
57493
57502
57503
57515
57516
57522
57525
57532
57542
57544
57549
57556
57563
57578
57581
57583
57592
57598
57606
57610
57614
57619
57643
57650
57655
57660
57663
57668
57673
57676
57680
57682
57693
57694
57695
57700
57705
57708
57715
57717
57728
57740
57742
57745
57750
57759
57761
57763
57766
57767
57772
57775
57776
57778
57797
57803
57810
57817
57823
57825
57828
57844
57856
57858
57859
57860
57875
57894
57904
57919
57922
57935
57944
57947
57956
57957
57959
57977
57980
57993
57996
57998
57999
58002
58007
58012
58013
58014
58016
58024
58027
58028
58029
58038
58039
58040
58043
58046
58050
58060
58064
58072
58084
58087
58097
58105
58114
58115
58118
58119
58136
58142
58145
58147
58159
58163
58174
58195
58197
58202
58205
58210
58225
58236
58248
58252
58257
58278
58279
58283
58292
58293
58300
58305
58313
58315
58318
58319
58321
58340
58347
58350
58362
58379
58384
58389
58395
58397
58408
58410
58414
58415
58416
58422
58442
58490
58491
58497
58501
58508
58512
58535
58544
58557
58571
58572
58574
58583
58587
58591
58599
58600
58616
58619
58630
58631
58634
58636
58644
58652
58662
58669
58677
58680
58683
58684
58691
58694
58703
58704
58708
58729
58732
58747
58752
58756
58763
58796
58798
58811
58822
58828
58832
58834
58852
58855
58870
58879
58882
58925
58930
58939
58948
58950
58963
58974
58977
58992
59002
59003
59004
59006
59008
59015
59018
59034
59035
59039
59041
59043
59048
59050
59051
59062
59064
59068
59075
59088
59090
59095
59104
59112
59118
59119
59131
59132
59133
59144
59156
59159
59160
59162
59168
59172
59203
59209
59216
59227
59235
59239
59240
59257
59259
59261
59280
59284
59296
59300
59301
59303
59314
59340
59349
59355
59359
59370
59371
59377
59384
59385
59387
59406
59410
59421
59422
59431
59440
59450
59456
59474
59477
59492
59511
59525
59540
59562
59570
59571
59583
59587
59590
59599
59601
59610
59614
59622
59624
59631
59640
59651
59652
59655
59662
59678
59680
59681
59692
59704
59705
59709
59711
59712
59719
59722
59723
59732
59735
59740
59742
59755
59764
59771
59772
59779
59780
59790
59793
59804
59823
59832
59834
59836
59852
59857
59858
59860
59862
59867
59877
59878
59882
59905
59922
59923
59929
59937
59938
59939
59941
59945
59959
59968
59970
59974
59981
59984
59992
59993
59994
59998
59999
12168*26^n-1243
13798
13828
13839
13863
13864
13881
13884
13890
13891
13892
13899
13916
13917
13924
13928
13935
13950
13956
13959
13970
13974
13984
13986
13988
13995
13996
14010
14031
14043
14044
14049
14055
14073
14076
14080
14083
14107
14126
14127
14138
14144
14150
14152
14157
14164
14167
14175
14184
14191
14199
14202
14215
14228
14230
14239
14272
14284
14286
14295
14302
14318
14320
14337
14338
14343
14347
14355
14356
14358
14366
14374
14379
14397
14412
14421
14427
14430
14434
14440
14442
14463
14467
14486
14487
14500
14503
14511
14515
14518
14527
14529
14536
14563
14572
14584
14588
14595
14606
14616
14640
14649
14650
14655
14680
14683
14684
14686
14707
14728
14742
14751
14758
14768
14778
14790
14794
14796
14800
14810
14817
14834
14836
14841
14860
14875
14892
14908
14910
14914
14923
14931
14936
14946
14950
14952
14959
14960
14961
14997
15024
15040
15042
15043
15056
15075
15092
15110
15112
15114
15130
15139
15147
15151
15165
15172
15177
15195
15198
15255
15261
15271
15274
15278
15288
15290
15304
15319
15320
15328
15339
15342
15355
15372
15374
15402
15403
15414
15423
15438
15444
15446
15456
15468
15488
15495
15499
15501
15510
15511
15512
15528
15536
15540
15544
15552
15556
15567
15585
15612
15620
15624
15644
15655
15658
15688
15700
15703
15711
15715
15730
15740
15744
15750
15753
15756
15762
15763
15765
15778
15784
15792
15800
15812
15816
15848
15868
15876
15878
15885
15895
15896
15897
15906
15915
15922
15926
15955
15960
15963
15980
15981
15987
15992
15994
15996
16000
16002
16005
16014
16026
16039
16064
16068
16080
16084
16087
16089
16101
16111
16118
16134
16138
16148
16156
16185
16191
16195
16200
16203
16204
16206
16216
16219
16228
16236
16238
16248
16252
16260
16269
16278
16284
16306
16308
16327
16338
16339
16348
16354
16370
16372
16374
16377
16383
16384
16390
16394
16414
16418
16422
16434
16455
16456
16461
16467
16486
16492
16498
16500
16503
16522
16527
16542
16567
16590
16591
16604
16614
16616
16620
16636
16644
16659
16660
16662
16668
16677
16680
16683
16694
16699
16708
16710
16714
16716
16735
16738
16752
16755
16756
16761
16779
16786
16788
16791
16794
16800
16820
16832
16840
16848
16854
16903
16918
16924
16928
16932
16934
16940
16941
16964
16972
16980
16989
17000
17002
17016
17020
17022
17024
17031
17052
17056
17059
17062
17079
17085
17088
17092
17100
17114
17115
17126
17140
17148
17163
17175
17176
17190
17192
17208
17242
17250
17256
17262
17263
17272
17277
17299
17311
17318
17320
17325
17328
17334
17346
17352
17360
17361
17367
17376
17384
17391
17418
17455
17467
17470
17491
17504
17514
17526
17536
17542
17553
17562
17564
17576
17577
17594
17602
17632
17635
17637
17648
17652
17654
17666
17679
17682
17686
17694
17695
17703
17712
17716
17738
17740
17752
17757
17775
17778
17779
17790
17799
17815
17829
17834
17848
17884
17887
17906
17912
17919
17943
17946
17955
17958
17964
17967
17976
17982
18003
18004
18010
18014
18015
18044
18046
18048
18055
18074
18090
18102
18103
18116
18118
18132
18152
18158
18163
18168
18174
18196
18198
18200
18208
18210
18214
18219
18225
18226
18228
18243
18249
18250
18254
18258
18261
18300
18304
18308
18309
18316
18322
18324
18342
18357
18358
18370
18376
18399
18405
18427
18428
18432
18438
18439
18452
18458
18464
18468
18471
18472
18483
18484
18500
18508
18510
18511
18523
18546
18550
18552
18554
18561
18584
18586
18594
18612
18626
18628
18645
18652
18657
18660
18667
18676
18678
18681
18687
18688
18712
18724
18726
18727
18738
18752
18756
18784
18802
18807
18825
18835
18837
18840
18849
18856
18868
18874
18890
18898
18906
18910
18916
18919
18921
18932
18938
18944
18975
18979
18982
18987
18999
19006
19020
19023
19024
19036
19038
19060
19070
19075
19092
19107
19119
19126
19134
19147
19148
19154
19159
19164
19186
19188
19190
19192
19195
19200
19206
19234
19239
19240
19255
19260
19263
19276
19278
19292
19310
19326
19327
19328
19329
19346
19356
19363
19377
19387
19392
19416
19428
19476
19494
19497
19514
19522
19538
19543
19551
19552
19554
19567
19572
19604
19615
19639
19647
19652
19654
19664
19665
19672
19676
19680
19687
19688
19694
19704
19706
19710
19713
19719
19734
19738
19748
19749
19761
19767
19803
19804
19807
19808
19824
19826
19831
19836
19840
19843
19855
19863
19864
19866
19870
19872
19887
19890
19899
19910
19911
19923
19935
19936
19953
19962
19963
19970
19974
19980
20024
20032
20035
20043
20066
20070
20086
20100
20106
20107
20108
20116
20121
20126
20131
20138
20142
20152
20160
20174
20179
20180
20190
20208
20238
20256
20258
20264
20268
20271
20272
20278
20294
20299
20323
20325
20328
20335
20336
20337
20343
20348
20356
20364
20391
20407
20409
20412
20416
20432
20436
20442
20448
20451
20466
20476
20492
20504
20548
20550
20559
20562
20563
20584
20586
20588
20589
20594
20616
20622
20652
20658
20659
20660
20664
20670
20673
20676
20685
20736
20742
20746
20763
20764
20769
20775
20776
20779
20786
20790
20814
20826
20829
20838
20847
20848
20852
20854
20865
20877
20884
20887
20890
20912
20926
20937
20944
20964
20972
20984
20991
21019
21034
21045
21048
21052
21055
21056
21074
21081
21087
21090
21103
21111
21114
21117
21127
21130
21146
21147
21158
21168
21170
21176
21178
21183
21194
21195
21198
21207
21208
21219
21230
21232
21235
21252
21260
21268
21279
21290
21300
21314
21316
21328
21331
21336
21338
21340
21363
21369
21376
21387
21388
21393
21399
21400
21412
21414
21416
21417
21420
21435
21436
21439
21440
21447
21448
21458
21460
21462
21470
21498
21507
21536
21537
21559
21561
21571
21574
21598
21600
21610
21620
21627
21644
21655
21666
21670
21672
21675
21678
21680
21692
21696
21708
21716
21718
21726
21727
21735
21736
21738
21739
21756
21768
21783
21784
21790
21799
21819
21820
21822
21828
21830
21831
21846
21862
21872
21876
21890
21897
21898
21903
21907
21915
21922
21927
21939
21943
21945
21948
21964
21967
21970
21975
21976
21987
21992
22014
22017
22051
22063
22065
22070
22104
22106
22108
22122
22123
22124
22134
22150
22154
22155
22183
22185
22186
22188
22190
22208
22210
22219
22242
22246
22250
22254
22263
22268
22272
22275
22287
22294
22298
22314
22324
22327
22328
22339
22340
22344
22352
22366
22375
22383
22386
22401
22402
22407
22420
22425
22430
22432
22452
22455
22476
22500
22506
22512
22526
22532
22538
22542
22550
22557
22563
22569
22582
22590
22591
22603
22610
22615
22627
22629
22636
22663
22676
22688
22707
22736
22737
22746
22750
22756
22761
22771
22784
22785
22791
22792
22814
22816
22826
22827
22842
22850
22858
22860
22868
22884
22906
22915
22934
22942
22944
22952
22956
22960
22964
22966
22978
22980
22996
23000
23006
23007
23025
23028
23031
23044
23049
23059
23067
23094
23095
23097
23100
23103
23107
23121
23130
23140
23152
23155
23176
23216
23217
23228
23241
23258
23268
23277
23307
23318
23320
23330
23364
23400
23404
23426
23431
23444
23445
23450
23460
23464
23466
23475
23488
23490
23499
23504
23512
23520
23539
23558
23576
23594
23599
23604
23626
23636
23640
23672
23678
23692
23707
23720
23722
23726
23736
23743
23750
23764
23772
23775
23781
23800
23805
23811
23815
23835
23836
23862
23863
23864
23887
23896
23904
23906
23908
23910
23919
23923
23928
23948
23954
23982
23985
23988
23997
24004
24006
24012
24036
24038
24040
24045
24050
24054
24056
24066
24068
24074
24076
24086
24087
24100
24129
24138
24147
24148
24159
24160
24164
24165
24183
24202
24204
24206
24220
24224
24225
24231
24243
24255
24264
24267
24274
24282
24292
24304
24306
24312
24330
24342
24369
24379
24384
24391
24399
24412
24418
24426
24472
24490
24500
24511
24534
24549
24562
24564
24566
24567
24570
24606
24614
24619
24634
24640
24648
24664
24679
24699
24702
24706
24715
24740
24741
24760
24762
24763
24772
24819
24850
24854
24871
24886
24900
24909
24920
24921
24922
24931
24936
24950
24958
24974
24979
24981
24988
24991
24992
25000
25002
25027
25029
25035
25046
25052
25058
25080
25083
25087
25108
25112
25120
25125
25130
25146
25147
25149
25158
25159
25161
25168
25174
25192
25200
25206
25214
25219
25230
25246
25254
25256
25270
25272
25290
25296
25324
25326
25338
25339
25342
25354
25370
25376
25378
25388
25389
25411
25420
25426
25443
25444
25446
25447
25450
25454
25455
25476
25482
25494
25516
25540
25555
25560
25579
25586
25588
25591
25593
25602
25604
25632
25656
25659
25671
25672
25677
25695
25700
25702
25714
25718
25725
25752
25756
25759
25784
25815
25818
25824
25827
25842
25856
25866
25875
25879
25882
25896
25899
25905
25910
25912
25917
25930
25940
25953
25956
25971
25972
25992
25994
26002
26006
26024
26040
26052
26060
26073
26082
26097
26112
26144
26146
26166
26175
26187
26191
26220
26228
26229
26234
26250
26258
26263
26264
26270
26276
26284
26295
26300
26325
26337
26343
26344
26362
26366
26383
26390
26407
26409
26416
26418
26421
26426
26430
26442
26456
26475
26481
26502
26508
26510
26539
26551
26553
26558
26560
26565
26566
26580
26587
26589
26596
26606
26623
26658
26660
26661
26703
26718
26722
26738
26745
26758
26775
26788
26796
26802
26803
26808
26817
26820
26824
26839
26840
26847
26860
26862
26864
26870
26892
26901
26906
26913
26937
26952
26970
26974
26988
26991
26992
27003
27009
27010
27026
27032
27036
27039
27043
27045
27055
27060
27074
27075
27076
27081
27099
27100
27102
27112
27120
27144
27148
27165
27184
27186
27189
27195
27198
27200
27212
27236
27246
27254
27259
27286
27294
27300
27309
27324
27338
27351
27352
27366
27367
27370
27392
27394
27405
27415
27420
27427
27440
27442
27447
27458
27462
27463
27465
27477
27480
27484
27511
27513
27514
27523
27538
27555
27560
27572
27578
27579
27580
27586
27592
27603
27610
27615
27624
27648
27657
27660
27663
27669
27679
27698
27699
27700
27704
27714
27720
27727
27730
27734
27747
27756
27820
27823
27826
27831
27834
27836
27852
27861
27862
27874
27883
27891
27900
27907
27908
27914
27918
27930
27936
27940
27968
27976
27981
27987
28004
28005
28026
28039
28050
28086
28090
28095
28111
28118
28120
28130
28143
28147
28149
28150
28152
28156
28167
28196
28230
28231
28245
28252
28255
28278
28287
28296
28302
28306
28308
28329
28332
28336
28340
28341
28346
28363
28364
28371
28375
28383
28388
28406
28412
28416
28422
28437
28440
28456
28459
28472
28474
28476
28485
28495
28503
28509
28522
28526
28539
28550
28554
28557
28563
28569
28572
28575
28579
28582
28591
28592
28608
28611
28624
28641
28644
28646
28647
28656
28660
28666
28670
28674
28689
28692
28701
28712
28720
28723
28728
28732
28738
28749
28752
28759
28768
28771
28792
28806
28809
28820
28845
28854
28856
28860
28868
28876
28879
28880
28886
28896
28903
28906
28916
28917
28918
28923
28926
28935
28938
28950
28959
28960
28983
28989
29001
29007
29010
29012
29014
29018
29022
29025
29028
29035
29037
29044
29047
29050
29058
29068
29070
29071
29076
29106
29115
29116
29127
29132
29142
29151
29152
29158
29160
29175
29179
29180
29186
29190
29203
29206
29216
29224
29226
29239
29242
29274
29277
29289
29295
29298
29304
29311
29320
29325
29331
29332
29346
29350
29354
29366
29370
29380
29392
29403
29404
29421
29431
29445
29452
29457
29474
29475
29488
29496
29503
29520
29526
29534
29547
29548
29562
29568
29588
29594
29596
29608
29618
29622
29623
29625
29631
29634
29649
29655
29659
29660
29666
29672
29674
29682
29685
29698
29700
29703
29726
29732
29742
29764
29787
29790
29800
29803
29804
29808
29812
29827
29839
29841
29852
29854
29862
29864
29884
29890
29910
29916
29925
29937
29943
29959
29967
29971
29972
29983
29988
30008
30019
30028
30039
30054
30060
30063
30064
30066
30086
30087
30103
30110
30127
30144
30160
30162
30175
30178
30180
30188
30204
30206
30208
30219
30230
30238
30248
30250
30264
30268
30282
30285
30290
30304
30307
30310
30338
30340
30345
30357
30360
30368
30390
30398
30403
30410
30417
30423
30427
30440
30441
30465
30476
30483
30487
30500
30502
30506
30522
30526
30532
30535
30546
30547
30549
30558
30572
30583
30590
30600
30604
30606
30609
30619
30628
30638
30660
30674
30680
30681
30688
30700
30703
30715
30716
30724
30738
30742
30747
30751
30759
30764
30788
30807
30808
30824
30844
30852
30856
30859
30866
30867
30870
30883
30900
30903
30934
30938
30940
30942
30943
30945
30966
30969
30987
30991
31000
31006
31012
31023
31027
31029
31032
31068
31072
31076
31100
31102
31107
31114
31118
31119
31124
31134
31143
31144
31146
31152
31178
31179
31183
31186
31197
31200
31209
31214
31215
31216
31218
31230
31231
31240
31243
31245
31252
31264
31281
31312
31330
31332
31339
31341
31352
31359
31362
31370
31372
31374
31377
31390
31402
31407
31425
31436
31440
31456
31467
31468
31478
31491
31503
31507
31508
31509
31514
31520
31536
31539
31548
31550
31563
31582
31584
31590
31598
31612
31623
31626
31629
31648
31660
31672
31676
31683
31687
31716
31725
31730
31736
31752
31758
31761
31766
31783
31796
31798
31804
31809
31814
31815
31842
31845
31860
31864
31869
31874
31876
31878
31891
31892
31900
31902
31912
31916
31917
31923
31930
31934
31941
31946
31960
31962
31966
31968
31992
31994
31996
32007
32024
32025
32031
32046
32048
32050
32061
32074
32080
32092
32104
32107
32118
32120
32130
32131
32132
32136
32140
32145
32152
32154
32158
32168
32176
32184
32193
32205
32210
32212
32214
32228
32235
32246
32254
32259
32268
32277
32284
32295
32300
32310
32319
32320
32336
32340
32344
32355
32356
32362
32367
32368
32370
32376
32382
32392
32396
32412
32419
32428
32430
32436
32439
32440
32446
32448
32454
32464
32499
32502
32504
32505
32506
32510
32536
32551
32553
32554
32563
32576
32584
32586
32587
32600
32601
32618
32622
32625
32628
32632
32637
32647
32649
32658
32660
32678
32688
32706
32707
32712
32732
32739
32742
32743
32766
32781
32786
32787
32788
32815
32817
32841
32842
32848
32850
32886
32892
32895
32898
32902
32906
32911
32923
32928
32938
32943
32954
32966
32967
32970
32979
32980
32992
32994
33000
33003
33012
33016
33018
33024
33026
33038
33043
33060
33063
33067
33075
33078
33096
33123
33135
33152
33158
33162
33164
33175
33183
33184
33192
33199
33201
33204
33222
33223
33236
33247
33272
33285
33292
33306
33309
33316
33320
33328
33334
33354
33357
33363
33367
33374
33375
33382
33386
33392
33393
33403
33404
33405
33415
33435
33439
33442
33446
33478
33486
33488
33490
33504
33506
33511
33513
33516
33518
33524
33525
33540
33546
33559
33562
33609
33614
33616
33624
33630
33632
33636
33640
33643
33652
33678
33694
33698
33710
33732
33736
33740
33741
33750
33751
33752
33756
33763
33766
33774
33776
33796
33801
33818
33819
33820
33825
33831
33843
33846
33852
33855
33858
33867
33883
33903
33915
33916
33928
33938
33976
33981
33990
33999
34003
34008
34010
34017
34023
34028
34032
34036
34039
34046
34048
34051
34056
34066
34068
34086
34101
34107
34110
34112
34113
34128
34147
34156
34176
34190
34191
34197
34218
34228
34238
34245
34263
34276
34279
34284
34286
34292
34302
34306
34316
34344
34353
34363
34372
34383
34387
34396
34407
34418
34420
34443
34447
34450
34470
34471
34476
34485
34488
34492
34514
34516
34522
34524
34528
34536
34558
34560
34563
34564
34569
34578
34598
34599
34600
34620
34627
34628
34652
34663
34665
34666
34689
34730
34740
34747
34749
34771
34772
34786
34790
34792
34795
34803
34809
34815
34820
34824
34843
34848
34851
34860
34874
34876
34882
34896
34911
34915
34916
34926
34936
34944
34950
34951
34975
34977
34987
34989
34992
35007
35008
35010
35018
35022
35024
35028
35031
35038
35074
35076
35083
35085
35108
35110
35116
35126
35138
35140
35152
35166
35167
35174
35190
35196
35200
35203
35206
35223
35224
35236
35252
35262
35270
35287
35313
35319
35320
35331
35343
35352
35383
35388
35391
35392
35412
35422
35434
35445
35464
35488
35506
35510
35516
35524
35536
35544
35551
35565
35586
35588
35596
35598
35599
35610
35622
35636
35650
35668
35673
35679
35682
35683
35684
35686
35688
35700
35722
35731
35742
35750
35756
35772
35778
35786
35787
35798
35799
35816
35826
35830
35840
35866
35868
35871
35875
35889
35899
35908
35916
35922
35936
35947
35952
35955
35956
35968
35972
35988
35990
35997
36010
36015
36018
36026
36027
36034
36044
36045
36048
36055
36066
36069
36070
36078
36087
36120
36123
36126
36139
36150
36151
36159
36163
36184
36192
36201
36225
36226
36228
36244
36246
36249
36256
36270
36278
36286
36291
36292
36309
36312
36316
36318
36319
36330
36344
36345
36355
36356
36367
36375
36388
36393
36396
36399
36404
36405
36415
36429
36444
36460
36466
36489
36495
36502
36508
36510
36522
36524
36532
36548
36549
36554
36560
36568
36574
36584
36591
36596
36607
36608
36614
36631
36660
36667
36672
36676
36686
36696
36714
36723
36732
36736
36744
36747
36756
36758
36787
36796
36804
36807
36831
36838
36843
36846
36858
36860
36867
36876
36879
36892
36903
36906
36924
36926
36928
36934
36938
36940
36944
36960
36972
36976
36987
36993
36998
36999
37002
37003
37016
37035
37036
37038
37039
37059
37072
37074
37075
37089
37092
37099
37106
37108
37125
37156
37171
37176
37178
37190
37191
37192
37218
37221
37228
37232
37260
37269
37275
37276
37278
37279
37292
37298
37310
37341
37342
37364
37366
37368
37370
37376
37380
37389
37396
37401
37404
37412
37416
37420
37432
37443
37454
37458
37467
37480
37497
37506
37528
37539
37544
37546
37548
37557
37572
37580
37581
37584
37593
37610
37638
37647
37651
37652
37654
37660
37670
37686
37689
37723
37730
37737
37738
37744
37767
37772
37778
37792
37795
37798
37800
37819
37820
37826
37840
37842
37846
37850
37866
37867
37875
37879
37881
37882
37900
37906
37908
37916
37918
37926
37927
37932
37939
37940
37948
37954
37959
37960
37968
37971
37972
37978
37988
38019
38052
38056
38082
38083
38085
38115
38116
38119
38124
38126
38127
38144
38145
38167
38192
38193
38206
38208
38235
38252
38263
38271
38275
38287
38298
38301
38310
38316
38325
38330
38335
38340
38354
38358
38359
38367
38370
38376
38379
38394
38400
38409
38419
38420
38422
38426
38431
38442
38444
38445
38463
38468
38481
38498
38504
38505
38512
38526
38529
38539
38553
38558
38559
38560
38570
38572
38575
38596
38598
38606
38610
38624
38632
38646
38647
38656
38661
38674
38688
38694
38703
38714
38718
38740
38743
38763
38766
38770
38778
38804
38823
38834
38835
38839
38858
38872
38884
38895
38900
38907
38912
38916
38946
38947
38948
38949
38980
38986
38997
38998
39021
39054
39057
39063
39067
39068
39088
39090
39099
39105
39106
39126
39148
39153
39158
39160
39164
39168
39171
39178
39189
39223
39228
39231
39255
39264
39285
39303
39307
39308
39320
39321
39338
39345
39360
39366
39376
39384
39386
39393
39405
39411
39420
39432
39436
39444
39450
39463
39471
39472
39474
39475
39496
39501
39504
39506
39510
39519
39525
39526
39528
39532
39536
39574
39578
39579
39591
39596
39603
39621
39628
39632
39640
39646
39664
39676
39680
39687
39716
39720
39727
39732
39734
39738
39739
39753
39774
39783
39800
39812
39814
39816
39823
39830
39848
39878
39879
39890
39892
39898
39900
39907
39912
39924
39930
39932
39938
39963
39966
39991
40003
40005
40020
40026
40034
40042
40051
40074
40098
40110
40113
40114
40122
40123
40135
40155
40158
40159
40161
40164
40166
40167
40176
40180
40184
40203
40204
40209
40215
40232
40238
40246
40257
40263
40267
40279
40282
40324
40330
40334
40354
40360
40371
40375
40376
40390
40419
40423
40424
40430
40444
40458
40482
40485
40488
40496
40498
40503
40504
40512
40519
40524
40545
40552
40556
40563
40564
40567
40568
40572
40574
40575
40578
40593
40627
40629
40646
40670
40688
40699
40700
40722
40732
40734
40752
40756
40760
40762
40764
40766
40768
40786
40792
40806
40820
40834
40836
40855
40856
40866
40869
40890
40894
40900
40902
40916
40930
40941
40946
40962
40975
40983
40986
41035
41037
41055
41058
41059
41070
41078
41080
41088
41095
41103
41120
41126
41167
41168
41174
41175
41179
41181
41193
41198
41210
41214
41228
41244
41254
41295
41298
41310
41319
41322
41330
41338
41347
41352
41361
41362
41368
41378
41382
41384
41395
41404
41406
41408
41416
41442
41456
41463
41476
41484
41496
41498
41508
41511
41527
41534
41538
41541
41544
41546
41554
41564
41570
41584
41594
41596
41608
41632
41637
41664
41667
41671
41676
41679
41680
41686
41692
41712
41726
41754
41756
41772
41778
41779
41781
41793
41794
41824
41863
41865
41870
41894
41913
41916
41920
41946
41949
41952
41983
41986
41991
41997
42012
42015
42027
42038
42045
42058
42074
42075
42078
42079
42099
42111
42115
42118
42120
42130
42132
42135
42150
42151
42160
42168
42172
42175
42212
42219
42220
42238
42255
42271
42291
42292
42300
42304
42308
42339
42348
42352
42380
42387
42403
42414
42415
42417
42434
42441
42447
42460
42462
42463
42474
42476
42486
42490
42504
42507
42513
42516
42518
42520
42526
42546
42550
42558
42562
42583
42584
42585
42604
42607
42618
42621
42630
42631
42642
42654
42658
42663
42664
42668
42680
42686
42687
42692
42700
42704
42711
42716
42720
42724
42735
42753
42759
42771
42776
42784
42786
42794
42807
42812
42830
42838
42855
42861
42876
42884
42890
42906
42918
42924
42927
42928
42936
42948
42955
42956
42967
42981
43002
43012
43023
43027
43032
43038
43040
43041
43059
43062
43083
43087
43088
43101
43104
43107
43112
43118
43120
43132
43140
43148
43149
43155
43179
43182
43195
43206
43215
43232
43250
43257
43268
43276
43282
43290
43298
43310
43323
43328
43354
43365
43377
43378
43389
43406
43414
43425
43428
43431
43432
43443
43452
43462
43471
43472
43506
43509
43521
43543
43548
43564
43568
43576
43578
43586
43590
43596
43600
43606
43608
43620
43623
43627
43629
43636
43652
43663
43684
43689
43723
43728
43731
43736
43758
43776
43785
43788
43790
43804
43807
43816
43818
43826
43836
43848
43864
43892
43898
43902
43905
43926
43938
43940
43951
43952
43959
43987
43998
44008
44010
44025
44036
44038
44040
44067
44080
44092
44095
44104
44119
44128
44131
44143
44155
44156
44191
44193
44204
44215
44216
44229
44235
44241
44242
44262
44276
44288
44295
44296
44301
44316
44326
44340
44347
44355
44356
44366
44367
44386
44394
44397
44404
44407
44414
44415
44418
44426
44427
44428
44440
44466
44486
44488
44504
44508
44514
44517
44520
44526
44535
44542
44546
44572
44588
44606
44619
44631
44643
44650
44652
44659
44667
44671
44672
44674
44676
44718
44727
44738
44745
44750
44774
44776
44796
44798
44808
44817
44820
44823
44850
44856
44858
44862
44864
44865
44871
44872
44876
44884
44887
44888
44890
44894
44901
44902
44912
44913
44922
44923
44932
44949
44988
44995
44998
45015
45044
45045
45048
45055
45060
45076
45082
45088
45090
45103
45106
45116
45117
45127
45136
45138
45148
45170
45171
45174
45184
45187
45190
45201
45206
45216
45235
45244
45254
45266
45273
45285
45307
45308
45321
45322
45327
45352
45363
45366
45375
45386
45387
45388
45398
45399
45402
45408
45412
45415
45426
45430
45434
45441
45444
45458
45465
45471
45474
45506
45522
45523
45524
45525
45528
45532
45535
45538
45543
45544
45547
45554
45564
45571
45574
45592
45595
45615
45616
45621
45622
45626
45642
45657
45658
45667
45688
45690
45700
45710
45717
45735
45736
45766
45774
45783
45786
45788
45818
45848
45859
45878
45883
45892
45912
45915
45930
45936
45957
45972
45975
45980
45991
46026
46027
46039
46047
46048
46068
46074
46077
46080
46083
46094
46098
46100
46108
46120
46135
46146
46156
46166
46178
46180
46192
46207
46240
46243
46266
46268
46278
46287
46299
46306
46308
46311
46315
46323
46324
46327
46329
46351
46359
46363
46376
46378
46399
46422
46431
46432
46443
46450
46464
46478
46484
46488
46509
46514
46522
46542
46545
46556
46560
46574
46575
46576
46588
46600
46612
46620
46624
46627
46629
46630
46632
46634
46639
46652
46662
46674
46675
46687
46692
46696
46700
46711
46716
46724
46728
46732
46737
46746
46758
46759
46770
46778
46779
46785
46794
46808
46810
46814
46815
46828
46830
46836
46838
46845
46854
46855
46880
46882
46886
46887
46896
46898
46910
46912
46926
46927
46929
46935
46944
46950
46951
46952
46963
46970
46980
46984
46989
46998
47000
47001
47010
47018
47028
47034
47061
47066
47091
47096
47107
47115
47127
47156
47157
47163
47164
47178
47180
47188
47196
47198
47206
47214
47215
47220
47232
47242
47265
47271
47272
47274
47287
47325
47332
47335
47337
47346
47355
47358
47366
47368
47382
47384
47385
47397
47407
47414
47415
47431
47440
47442
47444
47455
47458
47464
47468
47474
47475
47491
47502
47516
47532
47535
47553
47577
47583
47587
47592
47601
47620
47638
47644
47652
47664
47668
47670
47674
47682
47695
47698
47700
47706
47707
47709
47721
47740
47750
47751
47752
47755
47764
47767
47769
47774
47784
47800
47820
47828
47839
47848
47863
47875
47883
47889
47890
47892
47899
47914
47916
47920
47924
47925
47943
47948
47958
47960
47967
47980
47992
48012
48020
48027
48028
48036
48045
48048
48060
48088
48102
48104
48105
48116
48130
48132
48135
48138
48146
48147
48151
48152
48160
48163
48165
48168
48174
48187
48195
48199
48204
48206
48211
48220
48235
48240
48244
48250
48279
48282
48286
48288
48290
48306
48308
48309
48315
48319
48324
48327
48328
48342
48345
48350
48358
48390
48393
48414
48416
48434
48462
48484
48487
48489
48494
48496
48501
48502
48519
48543
48547
48558
48559
48561
48567
48572
48574
48600
48618
48626
48630
48638
48652
48655
48667
48668
48672
48675
48682
48686
48687
48700
48723
48748
48758
48762
48765
48774
48778
48788
48808
48819
48820
48844
48849
48870
48871
48880
48895
48900
48916
48928
48930
48960
48967
48976
48993
49002
49004
49015
49020
49026
49044
49046
49050
49064
49072
49078
49084
49095
49096
49112
49128
49135
49146
49164
49170
49218
49220
49221
49239
49257
49267
49272
49275
49278
49281
49288
49290
49330
49338
49341
49351
49356
49359
49360
49362
49366
49374
49383
49401
49402
49411
49419
49426
49430
49431
49436
49443
49508
49528
49546
49548
49576
49591
49600
49614
49616
49623
49626
49627
49632
49636
49659
49668
49672
49686
49688
49690
49694
49707
49708
49761
49779
49782
49785
49794
49815
49816
49831
49840
49844
49848
49852
49857
49868
49874
49878
49887
49891
49898
49900
49908
49912
49929
49939
49944
49947
49948
49950
49958
49972
49975
49980
49988
49992
49995
50000
50010
50016
50018
50032
50052
50056
50060
50061
50070
50073
50078
50083
50084
50090
50094
50095
50097
50103
50104
50106
50107
50109
50110
50126
50131
50138
50139
50150
50152
50172
50218
50224
50226
50230
50232
50256
50262
50263
50264
50266
50275
50286
50288
50307
50313
50322
50337
50358
50367
50371
50378
50388
50395
50404
50406
50409
50410
50415
50438
50463
50464
50476
50480
50488
50490
50506
50508
50518
50550
50558
50572
50575
50588
50589
50601
50604
50606
50624
50636
50647
50658
50667
50683
50688
50692
50700
50703
50736
50752
50755
50760
50766
50769
50787
50792
50806
50810
50815
50816
50836
50851
50858
50865
50866
50911
50925
50936
50943
50949
50950
50959
50974
50978
50984
50986
50994
51004
51012
51015
51018
51020
51032
51042
51043
51046
51082
51092
51096
51098
51115
51120
51129
51139
51140
51148
51154
51156
51159
51162
51164
51171
51184
51187
51202
51208
51210
51236
51243
51248
51252
51261
51267
51268
51282
51294
51295
51297
51308
51315
51324
51339
51343
51366
51367
51372
51386
51390
51414
51417
51420
51438
51446
51447
51452
51454
51458
51460
51463
51474
51501
51504
51508
51516
51518
51526
51535
51537
51548
51549
51555
51566
51568
51570
51580
51583
51606
51609
51618
51619
51627
51634
51648
51651
51655
51666
51670
51688
51692
51703
51711
51736
51742
51760
51765
51772
51786
51789
51795
51814
51823
51824
51835
51840
51844
51849
51868
51876
51880
51884
51891
51900
51915
51940
51942
51946
51951
51963
51964
51976
51990
52008
52018
52035
52041
52048
52052
52074
52076
52088
52095
52096
52100
52101
52110
52116
52118
52119
52122
52126
52131
52134
52146
52166
52176
52178
52190
52215
52216
52231
52238
52246
52263
52268
52275
52288
52300
52303
52315
52326
52335
52336
52347
52362
52370
52375
52378
52384
52404
52407
52408
52432
52435
52447
52449
52458
52466
52470
52471
52473
52492
52498
52515
52528
52532
52542
52545
52548
52551
52557
52570
52579
52584
52591
52617
52620
52646
52652
52670
52692
52706
52708
52710
52714
52719
52740
52743
52759
52761
52766
52768
52772
52794
52809
52814
52822
52839
52850
52851
52863
52864
52908
52914
52917
52924
52956
52972
52984
52986
52990
52998
52999
53002
53018
53020
53026
53028
53031
53037
53044
53046
53049
53052
53055
53056
53060
53076
53078
53107
53115
53128
53138
53140
53152
53155
53167
53172
53178
53186
53205
53212
53214
53215
53229
53234
53246
53260
53265
53271
53272
53276
53283
53286
53295
53310
53314
53318
53330
53335
53356
53362
53368
53379
53382
53383
53408
53427
53428
53430
53439
53457
53460
53464
53478
53500
53502
53503
53504
53511
53527
53535
53536
53559
53562
53566
53570
53574
53580
53586
53596
53598
53600
53608
53616
53628
53632
53644
53660
53666
53673
53706
53708
53709
53719
53732
53738
53739
53742
53744
53766
53782
53784
53788
53796
53799
53802
53805
53810
53811
53824
53839
53841
53866
53880
53883
53884
53895
53896
53901
53906
53918
53936
53938
53949
53956
53962
53972
53974
53982
53985
53992
53995
54006
54020
54048
54050
54056
54075
54079
54092
54096
54103
54104
54106
54141
54150
54153
54168
54177
54184
54192
54195
54200
54201
54210
54230
54234
54244
54255
54264
54271
54294
54295
54296
54306
54308
54316
54340
54348
54352
54355
54363
54370
54391
54396
54399
54402
54404
54429
54434
54444
54451
54464
54465
54474
54486
54487
54495
54524
54531
54532
54543
54558
54568
54578
54582
54583
54591
54604
54612
54614
54615
54616
54636
54642
54643
54657
54666
54694
54704
54705
54708
54711
54715
54718
54720
54729
54730
54741
54747
54775
54794
54810
54816
54822
54826
54836
54840
54860
54867
54874
54878
54879
54894
54897
54906
54907
54908
54909
54930
54934
54969
54980
54981
55027
55029
55039
55041
55062
55072
55077
55108
55118
55126
55135
55140
55144
55161
55167
55176
55183
55198
55216
55219
55226
55243
55268
55278
55286
55288
55300
55302
55305
55317
55324
55327
55328
55335
55344
55346
55351
55359
55363
55364
55388
55396
55402
55414
55422
55423
55437
55447
55448
55455
55456
55461
55464
55468
55472
55480
55486
55497
55520
55521
55522
55550
55552
55558
55564
55567
55578
55580
55592
55604
55610
55612
55629
55638
55641
55660
55662
55663
55665
55670
55671
55684
55695
55719
55720
55734
55746
55776
55785
55797
55800
55804
55814
55819
55821
55826
55834
55838
55874
55879
55882
55888
55896
55911
55914
55915
55935
55936
55944
55947
55948
55974
55980
55986
55995
55998
56019
56028
56034
56036
56047
56070
56071
56073
56082
56100
56103
56108
56116
56138
56142
56144
56148
56155
56158
56164
56170
56174
56193
56202
56205
56212
56217
56235
56247
56258
56266
56276
56292
56299
56301
56311
56316
56318
56338
56360
56368
56380
56394
56396
56422
56426
56457
56474
56476
56482
56486
56487
56498
56500
56503
56505
56516
56536
56540
56544
56546
56548
56552
56565
56566
56570
56575
56577
56583
56596
56606
56622
56630
56637
56640
56643
56644
56654
56659
56661
56662
56670
56671
56673
56678
56683
56688
56708
56710
56715
56744
56746
56748
56752
56754
56756
56763
56764
56766
56767
56799
56810
56824
56829
56834
56835
56850
56868
56871
56874
56877
56890
56911
56914
56916
56918
56925
56930
56934
56935
56949
56956
56959
56961
56967
56972
56984
56986
56998
57009
57016
57042
57087
57090
57094
57115
57160
57171
57178
57188
57196
57200
57202
57206
57207
57235
57237
57243
57246
57249
57268
57271
57286
57288
57294
57308
57321
57326
57332
57338
57340
57346
57364
57366
57367
57369
57375
57380
57386
57403
57405
57418
57427
57429
57435
57444
57458
57462
57465
57480
57507
57511
57522
57523
57526
57528
57537
57548
57549
57580
57583
57592
57610
57619
57626
57627
57634
57645
57664
57672
57676
57681
57686
57700
57705
57714
57716
57720
57729
57736
57739
57741
57751
57752
57753
57770
57778
57784
57792
57795
57826
57837
57847
57850
57856
57873
57890
57898
57900
57924
57928
57932
57940
57948
57956
57974
57975
57981
57987
57994
58005
58015
58017
58024
58032
58035
58048
58050
58060
58066
58068
58078
58088
58089
58106
58114
58116
58122
58125
58130
58150
58154
58167
58168
58183
58190
58191
58195
58196
58204
58209
58214
58215
58236
58243
58244
58257
58266
58278
58292
58304
58329
58335
58339
58341
58346
58362
58364
58374
58387
58392
58426
58443
58447
58452
58456
58459
58468
58480
58492
58504
58518
58520
58542
58548
58560
58563
58564
58575
58581
58600
58611
58615
58620
58623
58632
58635
58639
58641
58658
58660
58662
58665
58671
58684
58690
58704
58708
58711
58725
58728
58749
58755
58756
58761
58782
58784
58797
58806
58814
58815
58819
58821
58827
58830
58836
58852
58870
58881
58886
58908
58914
58917
58927
58929
58930
58932
58936
58939
58941
58942
58963
58987
58995
58996
59001
59011
59014
59016
59023
59036
59052
59082
59085
59092
59095
59103
59107
59108
59116
59128
59145
59179
59187
59192
59198
59202
59217
59223
59229
59239
59240
59241
59256
59260
59262
59264
59301
59324
59332
59335
59337
59358
59367
59383
59385
59392
59398
59404
59424
59440
59442
59463
59467
59484
59487
59499
59503
59510
59520
59526
59529
59535
59539
59540
59548
59562
59570
59572
59577
59580
59587
59600
59607
59624
59626
59652
59661
59668
59670
59680
59686
59688
59690
59706
59724
59739
59743
59755
59760
59763
59791
59805
59815
59828
59829
59830
59834
59842
59848
59863
59874
59888
59892
59895
59899
59904
59913
59946
59954
59955
59972
59976
59992
