pmin=2432008655927
18424*28^n+125
109130
109160
109246
109286
109304
109336
109346
109510
109580
109652
109732
109736
109762
109796
109922
109930
109984
110060
110074
110084
110092
110110
110140
110176
110240
110284
110302
110336
110464
110474
110492
110500
110516
110524
110716
110770
110786
110830
110884
110896
110914
110932
111022
111212
111220
111230
111272
111316
111374
111424
111452
111454
111526
111586
111604
111616
111644
111662
111734
111806
111832
111850
111896
111974
112012
112036
112072
112084
112112
112352
112432
112442
112486
112570
112580
112640
112696
112766
112954
112990
113002
113036
113144
113162
113180
113234
113260
113296
113360
113362
113404
113416
113422
113432
113452
113470
113542
113584
113594
113620
113650
113674
113702
113722
113804
113840
113890
113900
113926
113992
114044
114134
114146
114160
114170
114224
114226
114244
114254
114340
114386
114442
114506
114532
114550
114620
114674
114694
114790
114844
114856
114862
114874
114934
114956
114962
114974
115042
115100
115114
115142
115196
115322
115330
115334
115366
115376
115394
115396
115406
115414
115430
115432
115450
115576
115594
115604
115612
115730
115780
115784
115802
115856
116024
116026
116044
116114
116116
116194
116384
116404
116422
116464
116500
116512
116590
116594
116674
116726
116744
116756
116836
116864
116870
116872
116962
116980
117014
117026
117044
117080
117140
117170
117176
117250
117322
117382
117404
117476
117484
117512
117544
117566
117610
117634
117644
117664
117734
117752
117782
117886
118016
118030
118042
118084
118096
118160
118184
118214
118390
118474
118526
118546
118570
118600
118652
118672
118690
118696
118772
118796
118832
118922
118940
119002
119006
119030
119174
119176
119194
119204
119282
119326
119344
119354
119356
119444
119506
119510
119524
119552
119572
119590
119636
119654
119660
119690
119714
119776
119786
119840
119860
119896
119932
119984
