pmin=497502571903
106*23^n-7
28037
28217
28301
28697
28745
28757
28805
29129
29597
29789
29897
29993
30125
30149
30221
30509
30821
30845
31013
31085
31097
31241
31301
31337
31433
31565
31613
31661
31901
31973
32189
32201
32213
32597
32681
32861
33005
33125
33161
33221
33353
33497
33581
33749
33941
34013
34073
34085
34157
34169
34253
34445
34517
34649
34661
34901
35033
35093
35357
35453
35657
35801
35837
36005
36125
36173
36377
36437
36701
36797
36809
36845
36941
36989
37037
37337
37349
37385
37421
37445
37541
37625
37709
37853
37997
38021
38201
38249
38309
38393
38405
38441
38621
38741
38765
38777
38921
38969
39005
39017
39101
39161
39197
39353
39365
39461
39557
39581
39677
39689
39701
39785
39869
39941
40013
40157
40541
40637
40661
40937
40997
41033
41285
41405
41453
41561
41705
41741
41849
41933
41957
41981
42041
42221
42245
42365
42461
42521
42569
42749
42761
42893
43157
43289
43325
43373
43421
43661
43685
43805
43901
44045
44069
44093
44141
44153
44297
44585
44777
45125
45269
45305
45353
45413
45437
45533
45593
45605
45881
46205
46301
46565
46589
46685
46733
46781
46973
47141
47177
47261
47357
47381
47513
47621
47717
47741
47789
47837
47849
47945
48149
48281
48605
48761
48773
49001
49097
49133
49181
49193
49229
49289
49301
49337
49577
49625
49685
49757
49769
49901
49925
49961
50045
50381
50489
50633
50681
50693
51053
51413
51821
51833
52025
52037
52217
52541
52601
52613
52697
52745
52793
52877
52889
53033
53117
53609
53705
53801
53837
53861
53993
54041
54173
54317
54437
54461
54485
54533
54701
55049
55133
55193
55337
55433
55673
55817
55865
56093
56237
56297
56357
56441
56525
56573
56861
56921
57365
57413
57485
57509
57689
57785
57893
58025
58181
58409
58457
58469
58601
58661
58685
58841
58925
58949
59081
59165
59453
59621
184*23^n+1
28102
28162
28206
28222
28254
28294
28302
28342
28446
28462
28482
28542
28794
28806
28822
28854
29026
29082
29086
29106
29122
29142
29326
29394
29434
29446
29566
29602
29614
29646
29674
29686
29706
29742
29766
29782
29854
29874
29886
29962
29966
30006
30166
30174
30186
30274
30306
30406
30426
30462
30486
30594
30634
30642
30646
30666
30706
30714
30834
30866
30906
30934
31002
31026
31042
31094
31102
31162
31182
31194
31294
31362
31414
31446
31482
31594
31626
31642
31662
31666
31702
31726
31794
31802
31842
31846
31914
31962
32054
32106
32146
32214
32226
32262
32314
32374
32442
32482
32542
32722
32802
32866
32914
32926
33034
33046
33162
33226
33246
33282
33354
33382
33426
33502
33522
33586
33714
33754
33862
33994
34002
34014
34026
34046
34174
34186
34266
34294
34366
34402
34426
34566
34606
34654
34702
34734
34746
34794
34822
34854
35022
35046
35122
35154
35214
35286
35326
35434
35554
35634
35674
35742
35854
35902
35934
36022
36042
36114
36142
36166
36346
36354
36366
36422
36462
36502
36522
36534
36562
36586
36606
36714
36742
36774
36862
36874
37114
37194
37246
37254
37266
37314
37414
37426
37462
37506
37522
37566
37626
37654
37746
37774
37806
37822
37834
37842
37866
37882
37902
37934
37986
38014
38034
38046
38062
38074
38134
38142
38154
38322
38326
38346
38446
38506
38554
38614
38622
38634
38646
38686
38694
38766
38842
38902
39002
39006
39054
39066
39082
39154
39234
39262
39322
39354
39414
39514
39534
39582
39666
39726
39842
39966
40054
40086
40126
40146
40166
40242
40414
40434
40522
40542
40554
40614
40702
40746
40794
40806
40834
40846
40854
40894
40986
41022
41122
41134
41166
41226
41386
41394
41442
41526
41562
41574
41614
41646
41694
41794
41806
41902
41926
41934
41946
41982
42082
42126
42154
42162
42166
42206
42226
42402
42406
42514
42526
42546
42582
42606
42706
42754
42762
42882
42886
42934
43062
43162
43194
43246
43254
43542
43582
43626
43654
43662
43674
43714
43726
43734
43786
43806
43846
43854
43866
44022
44062
44094
44166
44214
44234
44326
44334
44362
44382
44386
44522
44562
44666
44694
44706
44734
44746
44834
44862
44942
45034
45054
45066
45094
45226
45234
45286
45354
45406
45462
45522
45554
45574
45606
45642
45654
45682
45754
45786
45814
45882
45886
45906
45946
46006
46026
46114
46206
46222
46302
46306
46446
46494
46522
46546
46582
46634
46654
46666
46686
46714
46906
46962
47034
47046
47134
47206
47226
47326
47346
47446
47506
47514
47526
47626
47662
47706
47742
47746
47782
47802
47866
47886
47962
47982
48054
48126
48154
48174
48234
48262
48362
48426
48546
48562
48574
48614
48666
48702
48714
48774
48822
48826
48834
48894
49146
49266
49302
49354
49362
49366
49374
49426
49482
49494
49546
49566
49626
49674
49686
49702
49726
49782
49794
49882
49926
49966
50046
50086
50154
50346
50362
50374
50386
50422
50502
50562
50614
50922
50926
50934
50946
50974
51022
51106
51234
51274
51334
51526
51534
51606
51694
51822
51942
52054
52114
52126
52146
52182
52246
52326
52362
52366
52374
52506
52662
52674
52894
52906
52942
53094
53106
53182
53202
53214
53262
53274
53374
53394
53422
53514
53554
53562
53574
53586
53622
53646
53742
53866
53874
54186
54202
54214
54262
54334
54366
54382
54394
54414
54462
54502
54522
54546
54562
54574
54582
54714
54762
54786
54814
54822
54826
54846
54894
55054
55074
55122
55182
55222
55234
55266
55374
55402
55462
55486
55506
55602
55614
55762
55786
55834
55882
55902
56014
56026
56046
56074
56154
56174
56206
56222
56226
56242
56314
56374
56514
56574
56686
56706
56826
56922
56994
57014
57154
57166
57174
57186
57262
57282
57294
57394
57462
57474
57514
57522
57546
57586
57682
57822
57894
57922
58002
58026
58042
58282
58366
58374
58434
58482
58494
58554
58566
58614
58642
58654
58662
58666
58686
58746
58762
58794
58822
58866
58894
58902
58926
59106
59134
59214
59242
59286
59302
59322
59374
59482
59514
59586
59646
59742
59754
59806
59842
59846
59886
59934
4232*23^n+185
28084
28114
28118
28196
28264
28390
28540
28576
28624
28628
28654
28706
28708
28726
28736
28744
28748
28754
28828
28840
28910
28960
28976
29036
29060
29128
29224
29230
29308
29416
29440
29500
29554
29588
29644
29648
29668
29680
29714
29734
29774
29788
29798
29804
29896
29938
29968
29984
30038
30056
30094
30130
30196
30200
30220
30260
30268
30278
30340
30386
30436
30460
30470
30508
30530
30548
30578
30598
30614
30644
30694
30728
30736
30766
30820
30844
30886
30914
30968
31030
31046
31060
31094
31174
31184
31208
31220
31264
31318
31324
31340
31348
31360
31414
31436
31480
31576
31634
31796
31828
31886
31894
31970
31990
32048
32114
32200
32224
32270
32284
32324
32326
32398
32416
32468
32476
32486
32500
32530
32534
32548
32564
32576
32578
32684
32686
32696
32738
32786
32818
32836
32860
32944
32956
32966
32996
33070
33074
33088
33140
33164
33190
33236
33244
33250
33304
33328
33368
33376
33398
33416
33440
33446
33536
33544
33556
33574
33614
33686
33698
33718
33734
33740
33784
33806
33890
33934
33938
33998
34004
34034
34096
34126
34214
34306
34336
34376
34400
34406
34414
34484
34516
34568
34616
34726
34756
34796
34820
34888
34918
34924
34936
35024
35054
35078
35140
35174
35180
35204
35240
35308
35320
35534
35554
35596
35608
35618
35660
35840
35848
35896
35906
35918
35924
35980
36044
36100
36178
36214
36220
36268
36280
36304
36308
36440
36466
36728
36818
36820
36896
36994
37004
37016
37030
37060
37064
37106
37138
37154
37184
37204
37228
37238
37294
37318
37336
37346
37490
37504
37550
37574
37586
37604
37606
37654
37696
37730
37808
37928
37996
38018
38030
38080
38120
38128
38180
38320
38348
38380
38404
38446
38498
38534
38600
38608
38620
38690
38704
38716
38740
38764
38800
38804
38884
38914
38918
38956
39116
39154
39248
39284
39298
39416
39440
39476
39580
39586
39604
39656
39704
39748
39788
39796
39824
39938
39944
39964
40000
40004
40018
40024
40064
40096
40130
40144
40288
40304
40306
40328
40336
40354
40448
40480
40486
40550
40594
40636
40664
40676
40684
40718
40748
40750
40774
40900
40916
40928
40946
40976
41000
41008
41020
41030
41036
41068
41168
41204
41218
41270
41294
41300
41350
41398
41426
41440
41488
41540
41548
41638
41644
41648
41656
41666
41708
41728
41744
41788
41840
41848
41896
41900
41926
41966
42050
42056
42064
42160
42226
42254
42338
42370
42406
42464
42496
42574
42604
42688
42796
42838
42856
42896
42898
42904
42940
42964
42976
43150
43168
43184
43286
43298
43366
43394
43420
43528
43556
43568
43648
43708
43730
43744
43766
43798
43904
43916
43948
43954
44018
44036
44054
44116
44128
44144
44164
44176
44228
44248
44270
44306
44338
44360
44374
44396
44450
44494
44546
44564
44596
44620
44644
44654
44656
44668
44768
44854
44948
44998
45038
45068
45080
45094
45106
45124
45148
45164
45166
45184
45254
45296
45314
45320
45344
45346
45440
45454
45484
45488
45508
45634
45638
45680
45724
45764
45794
45814
45836
45916
45934
45956
45970
46000
46034
46130
46184
46226
46324
46360
46388
46496
46528
46606
46636
46658
46684
46786
46796
46808
46828
46850
46870
46886
46888
46894
47020
47090
47096
47116
47126
47144
47150
47168
47246
47344
47368
47428
47564
47588
47686
47728
47824
47840
47878
47924
47936
47956
47974
47984
48040
48076
48086
48088
48118
48134
48176
48196
48268
48334
48376
48424
48448
48494
48496
48508
48536
48544
48608
48664
48676
48686
48736
48740
48776
48818
48844
48910
48940
48950
48974
49040
49180
49190
49208
49234
49346
49364
49408
49414
49444
49538
49600
49736
49756
49778
49784
49880
49904
49958
49996
50006
50104
50126
50140
50156
50198
50228
50288
50308
50416
50450
50470
50524
50546
50608
50630
50710
50738
50774
50828
50830
50900
50948
50966
51016
51148
51206
51218
51236
51256
51296
51334
51374
51406
51430
51446
51464
51536
51586
51680
51766
51796
51856
51878
51884
51908
51928
51974
52088
52130
52144
52184
52214
52268
52360
52388
52408
52418
52424
52466
52516
52550
52564
52600
52636
52654
52718
52720
52876
52886
53044
53090
53104
53156
53198
53228
53240
53266
53348
53350
53446
53494
53504
53510
53528
53548
53558
53570
53620
53648
53704
53860
53864
53968
53984
53990
54056
54080
54094
54160
54220
54244
54248
54286
54358
54434
54448
54488
54496
54508
54530
54536
54560
54574
54578
54614
54638
54740
54844
54866
54886
54950
54956
55124
55160
55186
55280
55310
55400
55406
55408
55490
55510
55586
55616
55618
55636
55648
55660
55684
55718
55730
55820
55856
55874
55886
55928
55960
55970
56006
56036
56054
56066
56096
56140
56174
56198
56338
56356
56384
56468
56528
56560
56624
56656
56686
56750
56758
56846
56848
56860
56870
56908
56948
57058
57088
57094
57170
57176
57244
57280
57326
57356
57388
57410
57476
57496
57590
57634
57716
57724
57730
57736
57776
57778
57820
57848
57868
57878
57904
57920
57938
57998
58054
58108
58144
58190
58198
58204
58276
58348
58354
58408
58436
58486
58504
58514
58606
58610
58648
58670
58676
58684
58780
58808
58868
58900
58924
58934
58966
58990
58996
59026
59096
59108
59116
59128
59150
59176
59180
59186
59218
59260
59270
59278
59348
59440
59470
59494
59564
59600
59654
59788
59816
59824
59876
59884
59926
59948
59974
59984
