pmin=937531725161
19*29^n-5
91068
91074
91080
91118
91190
91214
91238
91290
91346
91404
91466
91476
91488
91514
91526
91550
91574
91578
91610
91634
91644
91718
91742
91802
91836
91838
91850
91922
91944
91946
91992
92028
92070
92160
92174
92210
92270
92378
92390
92400
92406
92466
92474
92538
92544
92550
92586
92606
92628
92670
92702
92714
92778
92858
92862
92868
92894
92930
92946
92952
92978
93050
93096
93126
93216
93218
93222
93288
93306
93446
93458
93462
93474
93534
93554
93600
93618
93636
93684
93720
93758
93866
93930
94022
94044
94058
94094
94104
94118
94142
94154
94178
94182
94226
94260
94266
94310
94346
94386
94430
94434
94440
94458
94512
94524
94644
94710
94776
94802
94860
94878
94898
94938
94974
94982
95078
95186
95294
95354
95358
95366
95382
95388
95400
95414
95430
95436
95484
95498
95534
95556
95598
95646
95690
95702
95724
95834
95934
95946
95954
95966
95982
95988
96012
96026
96096
96114
96156
96180
96192
96206
96228
96242
96288
96330
96372
96458
96480
96482
96540
96570
96590
96626
96648
96674
96698
96746
96852
96948
96984
97002
97086
97152
97158
97166
97262
97310
97314
97332
97362
97374
97500
97538
97562
97572
97578
97598
97650
97658
97716
97752
97794
97818
97826
97902
97922
97962
98004
98028
98034
98042
98090
98126
98186
98286
98298
98376
98418
98466
98546
98550
98592
98654
98666
98678
98714
98726
98810
98838
98880
98892
98906
98916
98966
98990
99000
99090
99110
99126
99132
99138
99144
99210
99222
99246
99264
99326
99330
99518
99566
99602
99684
99690
99758
99774
99846
99924
99926
99930
99936
99960
99974
99978
100034
100062
100070
100086
100178
100224
100236
100250
100322
100344
100404
100418
100464
100470
100610
100614
100674
100694
100728
100730
100754
100770
100806
100814
100898
100910
100982
101030
101102
101148
101174
101178
101196
101244
101246
101270
101304
101402
101406
101430
101486
101498
101514
101556
101562
101568
101574
101772
101778
101784
101918
101930
101954
101982
102000
102018
102030
102036
102086
102150
102156
102218
102234
102242
102246
102270
102278
102312
102324
102326
102350
102378
102396
102414
102450
102458
102470
102494
102528
102578
102624
102696
102786
102792
102806
102830
102876
102878
102882
102950
102954
102960
103026
103050
103058
103128
103130
103142
103194
103278
103338
103362
103494
103500
103536
103548
103590
103698
103778
103782
103850
103878
103934
103946
103956
104018
104034
104054
104066
104138
104160
104172
104178
104202
104222
104250
104262
104340
104370
104394
104412
104436
104460
104486
104522
104702
104706
104772
104796
104822
104892
104940
104942
104966
105098
105102
105192
105230
105242
105342
105350
105384
105398
105410
105474
105522
105542
105566
105588
105594
105614
105648
105672
105696
105698
105720
105768
105770
105806
105810
105816
105822
105846
105858
105866
106068
106238
106326
106344
106392
106418
106466
106482
106518
106562
106634
106646
106692
106706
106734
106740
106838
106860
106938
106970
107034
107054
107078
107148
107154
107232
107286
107328
107330
107366
107394
107426
107436
107526
107544
107562
107574
107610
107762
107822
107916
107990
108030
108036
108038
108066
108090
108122
108156
108174
108246
108336
108360
108384
108420
108450
108470
108486
108534
108566
108576
108582
108602
108618
108650
108686
108696
108710
108720
108798
108804
108806
108818
108822
108864
108882
108926
109022
109094
109134
109260
109266
109274
109290
109358
109368
109386
109394
109410
109464
109620
109686
109718
109812
109814
109836
109842
109850
109862
109872
109886
109934
109956
109962
110010
110030
110094
110150
110186
110258
110270
110298
110388
110478
110498
110510
110568
110642
110678
110694
110760
110778
110786
110796
110822
110838
110844
110850
110886
110892
110930
110954
110990
111026
111150
111180
111258
111348
111360
111432
111444
111518
111530
111534
111542
111558
111570
111618
111662
111698
111726
111786
111810
111816
111870
111926
111950
112010
112020
112038
112122
112164
112166
112224
112298
112398
112442
112454
112458
112514
112518
112538
112670
112686
112782
112802
112824
112826
112838
112850
112854
112860
112910
112950
112956
113064
113106
113148
113160
113244
113270
113292
113316
113340
113354
113406
113442
113448
113454
113484
113546
113666
113702
113778
113784
113786
113790
113798
113834
113882
113918
113928
113952
113964
113988
114026
114030
114036
114078
114086
114120
114168
114204
114206
114282
114290
114306
114462
114492
114510
114534
114542
114558
114666
114722
114758
114782
114852
114888
114924
114938
115106
115122
115134
115224
115254
115260
115274
115296
115358
115382
115416
115512
115538
115566
115598
115610
115644
115646
115658
115686
115716
115764
115794
115842
115860
115874
115896
116018
116058
116102
116106
116126
116172
116196
116198
116262
116330
116358
116390
116402
116448
116462
116592
116610
116640
116646
116652
116658
116676
116702
116724
116726
116760
116772
116802
116810
116814
116882
116886
116934
116942
116954
116970
116990
117086
117110
117138
117158
117186
117204
117228
117278
117338
117348
117398
117444
117450
117480
117530
117542
117578
117606
117624
117684
117774
117782
117792
117794
117858
117866
117900
117914
118026
118058
118104
118128
118130
118142
118188
118200
118230
118238
118290
118322
118368
118370
118382
118466
118536
118566
118626
118632
118634
118668
118706
118718
118734
118742
118826
118872
118878
118902
118920
118998
119034
119066
119094
119166
119186
119214
119262
119306
119498
119510
119580
119592
119616
119622
119630
119654
119658
119738
119774
119790
119798
119822
119906
119930
119934
178*29^n-3
91077
91269
91287
91389
91407
91437
91473
91497
91575
91893
92085
92103
92565
92625
92673
92793
92907
92949
93009
93159
93177
93345
93453
93633
93663
93957
93993
94059
94077
94185
94269
94305
94329
94365
94377
94413
94455
94479
94497
94503
94533
94665
94683
94875
94923
95163
95445
95547
95613
95733
95865
95883
95949
96057
96093
96153
96285
96327
96363
96447
96573
96765
96885
97065
97095
97329
97455
97497
97527
97647
97653
97689
98085
98109
98127
98493
98553
98565
98775
98913
99009
99033
99177
99249
99375
99453
99477
99495
99513
99639
99669
99897
100023
100143
100149
100173
100209
100257
100545
100593
100605
100797
100833
100863
100875
100965
101013
101049
101109
101319
101385
101445
101823
101829
101889
101997
102105
102183
102393
102453
102525
102753
102765
102777
102939
103275
103353
103575
103659
103815
103839
104157
104289
104385
104409
104427
104445
104469
104493
104583
104805
104865
104895
104919
104955
105015
105063
105147
105273
105285
105357
105585
105645
105663
105675
105693
106089
106155
106197
106239
106263
106383
106473
106653
106743
106785
106887
106965
107133
107199
107457
107625
107703
107727
107775
107787
107793
107835
107877
107895
108015
108039
108129
108153
108273
108459
108777
108855
108909
108993
109173
109197
109275
109287
109323
109497
109509
109533
109623
109725
109743
109845
110313
110349
110505
110523
110559
110565
110733
110769
110895
110925
110943
111003
111069
111105
111135
111177
111237
111333
111387
111447
111525
111585
111615
111753
111783
111885
111903
111909
111993
112029
112053
112059
112155
112305
112329
112455
112533
112845
112875
112953
113145
113163
113229
113265
113289
113403
113445
113457
113487
113655
113673
113709
113733
113853
113877
113883
113919
114009
114033
114045
114075
114093
114273
114327
114447
114489
114495
114969
115209
115287
115413
115479
115647
115749
115809
115857
115935
116043
116127
116565
116865
116943
116973
117009
117033
117369
117393
117447
117453
117513
117573
117765
117813
117825
117855
117885
117915
117957
118059
118077
118203
118269
118287
118329
118335
118455
118485
118683
118725
118797
118839
118989
119025
119295
119313
119445
119529
119553
119637
119883
119913
119925
2523*29^n+662
91073
91135
91141
91181
91201
91223
91249
91297
91307
91319
91345
91379
91423
91447
91475
91489
91493
91499
91555
91571
91597
91607
91649
91727
91813
91841
91871
91877
91951
91955
91975
91981
92023
92033
92051
92059
92077
92117
92123
92135
92173
92203
92291
92305
92311
92399
92437
92453
92461
92501
92525
92531
92555
92567
92675
92683
92695
92773
92801
92843
92845
92867
92885
92887
92893
92947
92963
92975
92989
93025
93041
93137
93227
93277
93299
93307
93355
93377
93379
93463
93535
93713
93767
93773
93901
93911
93935
93943
93949
93971
93979
94039
94055
94067
94081
94085
94091
94097
94117
94177
94187
94207
94231
94235
94289
94291
94333
94337
94387
94405
94415
94417
94469
94475
94517
94523
94531
94565
94595
94603
94625
94651
94691
94819
94837
94847
94861
94867
94879
94895
94943
94987
95009
95035
95077
95159
95167
95183
95201
95255
95329
95377
95387
95419
95429
95479
95491
95507
95563
95575
95713
95743
95765
95843
95845
95885
95909
95923
95957
95981
96011
96065
96067
96095
96127
96211
96241
96251
96275
96287
96289
96349
96449
96575
96587
96595
96629
96641
96727
96749
96751
96769
96779
96785
96787
96839
96853
96923
96941
96991
96995
97015
97019
97031
97045
97051
97099
97103
97105
97117
97135
97141
97171
97249
97301
97483
97507
97511
97537
97663
97667
97691
97723
97799
97843
97847
97861
97927
97931
97939
97991
98065
98071
98083
98095
98219
98257
98275
98419
98465
98549
98551
98555
98597
98615
98627
98639
98675
98705
98731
98747
98767
98831
98845
98911
98939
98963
98989
99013
99031
99095
99119
99163
99175
99185
99205
99223
99227
99317
99325
99383
99509
99535
99565
99587
99605
99613
99619
99667
99679
99809
99863
99907
99923
99989
100003
100031
100055
100067
100081
100091
100123
100211
100225
100271
100327
100355
100367
100423
100427
100435
100447
100475
100501
100511
100577
100589
100651
100669
100685
100693
100703
100717
100763
100775
100853
100861
100967
101005
101027
101099
101107
101111
101189
101201
101249
101251
101327
101333
101341
101357
101393
101459
101509
101519
101525
101527
101539
101543
101569
101587
101671
101761
101867
101875
101879
101887
101917
101933
102023
102029
102031
102139
102143
102161
102163
102271
102283
102295
102323
102371
102407
102451
102463
102469
102485
102511
102533
102539
102563
102595
102619
102635
102637
102709
102737
102743
102775
102787
102799
102827
102881
102917
102943
102965
103009
103055
103085
103105
103183
103205
103235
103259
103265
103267
103339
103367
103435
103441
103463
103469
103487
103505
103567
103651
103693
103759
103777
103909
103931
103933
103955
103991
104023
104035
104065
104101
104147
104239
104275
104317
104389
104399
104401
104431
104543
104579
104605
104647
104653
104689
104705
104735
104759
104785
104813
104815
104843
104863
104879
104891
104917
105019
105059
105101
105167
105169
105295
105313
105317
105397
105403
105409
105443
105475
105523
105541
105559
105605
105643
105647
105697
105703
105727
105731
105755
105773
105793
105869
105895
105901
105941
105971
106091
106145
106165
106171
106193
106199
106285
106325
106355
106385
106391
106429
106481
106511
106567
106583
106597
106615
106619
106639
106643
106711
106765
106769
106831
106867
106909
106933
106945
106963
106975
106997
107101
107105
107153
107155
107179
107255
107299
107341
107405
107501
107543
107557
107575
107629
107707
107711
107845
107983
107987
108019
108035
108065
108095
108097
108191
108257
108287
108341
108355
108379
108397
108401
108415
108469
108497
108517
108529
108533
108545
108557
108565
108571
108635
108739
108799
108827
108887
108917
108959
108961
108965
108991
109051
109061
109075
109117
109133
109147
109163
109169
109199
109213
109267
109271
109393
109423
109429
109453
109457
109475
109519
109535
109549
109553
109639
109649
109687
109691
109699
109733
109765
109783
109819
109843
109883
109889
109909
109927
109933
109985
109987
110015
110065
110071
110107
110135
110197
110209
110275
110311
110351
110387
110395
110419
110431
110549
110567
110623
110693
110699
110707
110765
110779
110879
110923
110945
110983
111019
111067
111107
111119
111155
111157
111163
111191
111245
111253
111295
111319
111323
111355
111367
111547
111613
111637
111655
111659
111667
111691
111743
111745
111781
111835
111841
111847
111887
111949
111953
111955
112015
112093
112183
112195
112229
112327
112415
112439
112453
112459
112565
112573
112591
112603
112627
112631
112643
112703
112709
112715
112717
112727
112835
112949
112967
112975
112979
113009
113093
113137
113215
113245
113255
113275
113285
113345
113359
113423
113473
113479
113485
113507
113573
113665
113773
113795
113815
113819
113839
113905
113927
113941
113947
114013
114017
114043
114053
114061
114119
114209
114241
114251
114305
114319
114343
114413
114487
114491
114497
114545
114551
114589
114607
114613
114655
114659
114671
114725
114733
114763
114773
114811
114815
114853
114929
114955
114971
114983
114995
115085
115223
115243
115271
115595
115631
115669
115691
115693
115747
115799
115847
115855
115891
115907
115915
115931
115975
115991
116027
116113
116125
116147
116155
116159
116215
116257
116267
116269
116279
116365
116369
116449
116453
116465
116495
116503
116527
116555
116579
116581
116593
116603
116629
116647
116659
116675
116677
116723
116813
116849
116891
116971
117011
117025
117095
117133
117155
117185
117253
117293
117295
117323
117371
117409
117455
117461
117473
117479
117487
117493
117499
117541
117671
117709
117763
117793
117797
117827
117877
117899
117919
117941
117949
118037
118085
118103
118219
118259
118261
118285
118331
118387
118415
118481
118583
118631
118637
118703
118751
118757
118805
118861
118879
118891
118949
118955
118997
119027
119045
119111
119167
119215
119243
119335
119339
119375
119407
119411
119435
119509
119519
119563
119579
119597
119629
119677
119683
119761
119815
119839
119891
119905
2951*29^n-3
91076
91136
91148
91162
91166
91168
91196
91202
91322
91342
91412
91442
91472
91492
91498
91552
91586
91612
91666
91682
91708
91828
91838
91868
91952
92018
92096
92122
92128
92158
92206
92216
92252
92282
92306
92312
92336
92356
92362
92372
92386
92398
92408
92456
92498
92542
92588
92672
92852
92878
92882
92978
93068
93178
93226
93268
93316
93346
93392
93448
93472
93502
93572
93592
93688
93722
93748
93758
93772
93776
93778
93806
93866
93916
93932
94042
94106
94148
94172
94222
94238
94252
94276
94318
94372
94378
94388
94408
94412
94442
94492
94522
94538
94588
94612
94616
94636
94652
94688
94702
94706
94718
94828
94832
94882
94942
94948
94958
94978
95042
95092
95096
95188
95242
95246
95312
95348
95356
95432
95506
95516
95518
95546
95612
95696
95738
95768
95828
95876
95902
95932
95956
96028
96046
96068
96122
96128
96176
96226
96238
96268
96272
96328
96362
96388
96452
96482
96562
96572
96638
96676
96692
96706
96718
96722
96818
96826
96866
96898
96908
96916
96946
96986
97006
97058
97066
97082
97132
97178
97186
97252
97258
97262
97348
97408
97438
97472
97486
97546
97592
97642
97666
97672
97678
97712
97762
97822
97826
97852
98146
98152
98162
98288
98302
98312
98332
98428
98462
98476
98498
98516
98542
98642
98738
98756
98762
98768
98852
98876
98908
98962
98978
99058
99148
99166
99182
99196
99232
99242
99266
99298
99322
99386
99406
99428
99466
99476
99506
99518
99568
99662
99722
99806
99808
99838
99928
99998
100016
100076
100082
100106
100228
100322
100346
100372
100388
100418
100448
100478
100492
100532
100538
100562
100622
100702
100756
100792
100796
100832
100852
100856
100862
100892
100948
100988
101008
101042
101072
101098
101186
101198
101236
101282
101336
101338
101342
101368
101378
101402
101428
101498
101552
101596
101636
101648
101668
101672
101678
101696
101722
101762
101812
101932
101956
101986
101996
101998
102032
102092
102098
102302
102316
102418
102442
102446
102466
102506
102526
102542
102586
102596
102632
102652
102698
102796
102802
102836
102916
102962
102988
103106
103118
103166
103168
103192
103256
103262
103268
103282
103298
103496
103508
103516
103646
103648
103802
103876
103892
103898
103928
104098
104126
104138
104188
104206
104228
104248
104272
104306
104336
104366
104398
104482
104506
104522
104596
104602
104618
104642
104648
104818
104866
104888
104968
104992
105092
105122
105152
105292
105386
105412
105436
105466
105518
105532
105586
105608
105706
105746
105772
105778
105838
105886
105902
105908
105982
105988
106042
106066
106088
106126
106132
106228
106232
106348
106372
106436
106442
106466
106526
106588
106616
106628
106636
106642
106652
106688
106762
106772
106826
106898
106928
106946
106948
106978
107006
107032
107042
107048
107122
107152
107198
107258
107278
107288
107306
107348
107402
107426
107452
107468
107662
107672
107678
107726
107738
107852
107902
107912
107938
107978
107996
108002
108058
108122
108146
108196
108208
108212
108218
108238
108292
108298
108302
108398
108416
108452
108482
108506
108532
108578
108586
108686
108748
108788
108802
108848
108952
108956
108968
109006
109016
109058
109088
109112
109138
109148
109186
109192
109276
109282
109306
109348
109376
109406
109432
109532
109546
109552
109582
109646
109652
109672
109682
109688
109732
109742
109762
109796
109882
109886
109892
109946
109996
110068
110078
110096
110116
110146
110192
110236
110306
110308
110348
110426
110446
110476
110488
110528
110558
110606
110642
110648
110668
110708
110792
110852
110972
110992
111002
111026
111056
111068
111076
111098
111122
111182
111202
111262
111272
111346
111412
111508
111562
111568
111586
111668
111706
111778
111788
111802
111836
111866
111928
111946
111952
111962
111968
112042
112046
112066
112136
112172
112208
112222
112276
112282
112318
112328
112346
112348
112372
112408
112418
112442
112448
112508
112516
112522
112546
112556
112606
112622
112658
112672
112736
112912
113002
113026
113048
113072
113086
113216
113236
113272
113278
113332
113338
113356
113378
113428
113452
113506
113522
113552
113588
113596
113602
113662
113666
113708
113726
113792
113866
113918
113992
113996
114002
114068
114106
114146
114172
114236
114298
114356
114386
114398
114416
114448
114506
114548
114562
114688
114766
114782
114812
114908
114938
115072
115118
115162
115178
115262
115276
115288
115298
115322
115342
115346
115426
115448
115516
115532
115592
115598
115612
115616
115652
115666
115726
115792
115822
115868
115898
116012
116062
116072
116092
116098
116146
116162
116228
116378
116458
116512
116528
116546
116606
116632
116666
116686
116692
116788
116792
116858
116876
116932
116956
116962
117032
117112
117178
117208
117262
117362
117388
117406
117418
117428
117488
117502
117512
117608
117646
117698
117758
117818
117826
118058
118136
118172
118192
118202
118226
118238
118258
118288
118382
118388
118508
118522
118528
118538
118546
118552
118672
118702
118828
118898
118916
118928
118996
119018
119048
119092
119108
119218
119242
119266
119288
119308
119378
119422
119438
119486
119512
119522
119528
119678
119696
119708
119716
119722
119788
119792
119848
119858
119902
119908
119962
119972
119986
119998
6379*29^n-9
91121
91139
91249
91265
91499
91505
91517
91537
91669
91685
91787
91841
91859
91865
91957
91969
92039
92045
92077
92125
92149
92261
92525
92557
92605
92651
92705
92725
92741
92759
92765
92975
93029
93049
93109
93215
93281
93349
93445
93467
93469
93575
93577
93649
93665
93677
93755
93805
93875
93899
93985
94025
94061
94097
94127
94145
94189
94205
94235
94259
94285
94331
94397
94439
94475
94529
94541
94601
94757
94945
95069
95077
95141
95267
95447
95449
95495
95497
95509
95537
95657
95771
95785
95797
95801
95927
95965
96025
96041
96059
96109
96125
96149
96275
96305
96395
96485
96617
96665
96779
96869
96905
96935
97105
97117
97187
97241
97259
97295
97297
97331
97355
97367
97409
97421
97427
97477
97549
97715
97805
97897
97925
98017
98125
98129
98159
98195
98197
98237
98255
98309
98375
98381
98501
98509
98579
98699
98737
98825
98869
98939
98965
99095
99229
99317
99335
99349
99445
99469
99515
99545
99689
99697
99745
99749
99839
99875
99889
99949
100019
100067
100069
100085
100237
100265
100405
100469
100477
100535
100595
100669
100685
100859
100895
100937
100967
100969
101027
101117
101201
101257
101317
101327
101345
101435
101509
101765
101849
101909
102047
102089
102119
102125
102155
102157
102395
102505
102637
102659
102719
102749
102755
102875
102881
102899
103045
103057
103169
103181
103189
103205
103225
103259
103309
103429
103457
103505
103595
103657
103667
103721
103745
103757
103909
103925
103945
104009
104029
104087
104135
104197
104207
104225
104267
104285
104305
104317
104339
104387
104569
104585
104639
104717
104771
104861
104897
104969
105017
105089
105097
105107
105167
105179
105229
105289
105325
105341
105359
105365
105377
105457
105575
105611
105629
105635
105689
105745
105817
105827
105845
105949
105989
106007
106079
106187
106229
106247
106285
106355
106367
106475
106585
106607
106637
106657
106679
106717
106789
106909
106997
107077
107089
107159
107185
107195
107257
107285
107399
107411
107449
107465
107617
107629
107665
107669
107749
107825
107869
107939
108005
108047
108095
108097
108209
108229
108275
108299
108335
108365
108397
108419
108517
108589
108599
108617
108637
108677
108925
108959
109037
109055
109085
109105
109127
109129
109409
109415
109489
109549
109645
109649
109717
109769
109789
109805
109825
109847
109849
109937
110009
110057
110081
110149
110189
110237
110405
110435
110441
110477
110497
110657
110795
110797
110801
110867
111035
111109
111155
111217
111229
111325
111395
111425
111497
111515
111521
111575
111589
111637
111697
111767
111827
111875
111877
111947
112009
112057
112115
112117
112145
112457
112489
112669
112717
112729
112739
112817
112849
112937
112955
113045
113081
113369
113377
113465
113549
113639
113789
113819
113845
113891
113969
113989
113999
114059
114085
114095
114269
114329
114341
114365
114437
114455
114467
114529
114599
114689
114745
114805
114869
114917
114935
114997
115009
115165
115211
115247
115265
115277
115385
115427
115525
115537
115601
115625
115645
115781
115825
115835
115909
115931
115979
116021
116087
116105
116177
116195
116197
116201
116285
116339
116447
116449
116485
116681
116717
116741
116771
116849
116897
116905
116915
116939
116965
117029
117157
117169
117185
117221
117227
117317
117337
117401
117517
117569
117697
117821
117869
118049
118091
118105
118109
118165
118199
118285
118319
118355
118415
118481
118549
118577
118589
118625
118649
118679
118697
118715
118901
118957
118967
119009
119219
119255
119405
119507
119531
119579
119605
119629
119747
119837
119957
7569*29^n-1199
91069
91255
91267
91297
91417
91435
91519
91585
91597
91717
91843
91927
91999
92065
92089
92125
92227
92287
92305
92383
92437
92509
92539
92557
92779
92797
92803
92857
92893
92977
93019
93067
93103
93109
93127
93175
93187
93235
93253
93259
93427
93433
93487
93517
93619
93703
93715
93805
93829
93895
93913
94009
94015
94345
94555
94585
94819
94897
94963
95047
95083
95149
95197
95203
95245
95257
95497
95617
95755
95917
96049
96073
96115
96133
96157
96169
96295
96325
96493
96535
96589
96667
96757
96919
96979
97039
97075
97105
97249
97255
97375
97393
97453
97465
97483
97507
97537
97549
97567
97603
97705
97885
97987
98095
98257
98263
98317
98473
98563
98635
98677
98767
98785
98809
98869
98923
98965
99073
99205
99217
99283
99289
99307
99433
99439
99499
99517
99529
99613
99679
99685
99775
99817
99847
99979
100033
100105
100129
100165
100183
100207
100213
100243
100249
100327
100357
100417
100519
100549
100567
100573
100693
100735
100867
100963
100969
101137
101263
101305
101317
101329
101365
101515
101533
101545
101599
101635
101665
101683
101827
101869
101977
101989
102007
102133
102199
102295
102355
102367
102457
102475
102595
102649
102733
102799
102895
102967
103195
103207
103219
103225
103255
103309
103315
103333
103363
103429
103459
103477
103489
103573
103639
103807
103879
103939
103945
104047
104119
104137
104215
104263
104287
104395
104449
104467
104509
104527
104677
104695
104737
104743
104785
104827
104833
104863
104875
104917
104989
105025
105115
105157
105193
105229
105289
105307
105493
105499
105517
105769
105925
105979
106033
106039
106069
106117
106153
106159
106189
106285
106303
106327
106357
106567
106573
106597
106609
106633
106663
106675
106783
106789
106837
106879
106903
106975
107017
107119
107203
107209
107257
107269
107293
107335
107377
107407
107449
107479
107497
107617
107683
107689
107713
107773
107797
107893
107935
108097
108127
108139
108169
108229
108523
108565
108589
108595
108655
108757
108793
108805
108823
108925
109093
109099
109105
109159
109225
109273
109285
109327
109423
109513
109537
109807
109957
110095
110113
110137
110143
110203
110263
110389
110485
110539
110569
110587
110725
110737
110749
110857
110917
110935
111037
111067
111175
111187
111247
111319
111373
111403
111427
111469
111655
111679
111715
111847
111877
111889
111973
112045
112069
112117
112177
112243
112255
112267
112309
112459
112465
112645
112687
112795
112843
112963
113119
113125
113173
113227
113329
113473
113527
113587
113635
113647
113899
113905
113923
113935
114073
114109
114145
114223
114283
114379
114385
114403
114439
114445
114649
114679
114685
114769
114847
114859
114895
114913
114955
115027
115063
115093
115147
115285
115405
115453
115459
115483
115519
115537
115597
115609
115657
115669
115693
115699
115729
115735
115747
115807
115813
115855
115873
115933
115957
116005
116065
116233
116257
116323
116353
116365
116377
116485
116545
116617
116623
116707
116815
117025
117085
117115
117199
117265
117475
117547
117577
117583
117589
117667
117709
117787
117793
117949
117997
118159
118183
118207
118339
118429
118513
118555
118723
118837
119029
119083
119095
119167
119179
119185
119239
119293
119479
119503
119635
119725
119767
119779
119905
119953
119989
8761*29^n-25
91093
91187
91189
91315
91345
91417
91423
91465
91469
91501
91579
91585
91597
91631
91633
91649
91673
91691
91693
91915
91925
91963
92015
92027
92045
92113
92117
92123
92297
92383
92473
92509
92513
92515
92521
92603
92731
92789
92797
92827
92837
92869
92881
92899
92915
92965
93107
93109
93163
93185
93215
93217
93265
93293
93313
93329
93349
93373
93391
93397
93437
93475
93629
93707
93737
93769
93775
93781
93835
93877
93935
93937
93979
94021
94031
94069
94129
94133
94187
94201
94285
94309
94363
94367
94403
94409
94427
94445
94453
94529
94537
94561
94601
94645
94769
94831
94895
94897
94913
94931
94949
94979
94987
95083
95113
95149
95161
95177
95179
95209
95221
95245
95263
95267
95305
95345
95389
95419
95435
95449
95491
95503
95539
95545
95555
95569
95579
95669
95705
95707
95771
95785
95825
95965
96001
96047
96083
96091
96149
96155
96217
96313
96331
96397
96401
96437
96569
96607
96649
96733
96793
96821
96883
96929
96931
96947
97009
97081
97099
97139
97157
97177
97345
97361
97417
97423
97435
97477
97487
97513
97553
97585
97603
97643
97793
97795
97801
97829
97837
97865
97937
97981
98017
98075
98179
98185
98207
98245
98345
98431
98485
98521
98569
98585
98665
98767
98777
98851
98921
98963
99043
99061
99065
99089
99115
99155
99349
99361
99397
99403
99547
99557
99593
99715
99739
99785
99871
99883
99901
99913
99937
99965
99967
100009
100069
100093
100097
100117
100147
100165
100205
100207
100219
100285
100303
100313
100357
100367
100411
100417
100429
100453
100459
100565
100627
100649
100681
100699
100739
100825
100829
100835
100933
100961
101017
101069
101087
101167
101185
101195
101243
101249
101293
101297
101339
101353
101375
101461
101563
101581
101627
101659
101665
101707
101713
101729
101753
101761
101771
101773
101803
101945
101971
101995
102077
102085
102205
102211
102221
102323
102337
102427
102463
102469
102571
102595
102697
102739
102779
102805
102811
102835
102883
102889
102907
103009
103013
103051
103061
103085
103087
103117
103157
103177
103183
103225
103295
103313
103327
103475
103499
103507
103525
103567
103579
103589
103601
103693
103817
103849
103871
103957
103961
103987
104029
104059
104065
104093
104105
104107
104129
104273
104339
104377
104395
104515
104651
104699
104723
104731
104777
104779
104821
104861
104965
104969
105007
105019
105029
105059
105061
105115
105137
105187
105217
105227
105245
105347
105361
105385
105397
105473
105515
105551
105625
105697
105709
105851
105865
105893
105929
105955
105995
106003
106015
106045
106139
106211
106235
106307
106333
106373
106397
106405
106411
106435
106445
106459
106465
106489
106517
106537
106543
106561
106607
106633
106675
106801
106843
106883
106921
106937
106981
107005
107023
107045
107093
107137
107161
107201
107251
107275
107369
107371
107377
107423
107455
107497
107549
107587
107629
107653
107695
107713
107737
107777
107803
107821
107873
107875
107947
107957
107971
108029
108097
108115
108161
108173
108209
108265
108367
108421
108469
108517
108577
108623
108649
108677
108701
108703
108713
108785
108889
108893
108973
109009
109043
109061
109099
109105
109135
109145
109169
109205
109267
109343
109363
109387
109429
109457
109531
109613
109657
109691
109721
109753
109775
109825
109837
109883
109889
109891
109907
109921
109945
109973
110029
110033
110065
110285
110369
110371
110425
110437
110533
110549
110591
110635
110665
110765
110801
110819
111043
111157
111253
111391
111437
111457
111529
111611
111643
111709
111779
111787
111797
111871
111881
111883
111899
111935
111989
112067
112081
112165
112205
112283
112301
112345
112417
112429
112457
112465
112483
112537
112547
112627
112633
112705
112753
112801
112835
112849
112859
112861
112885
112931
112961
112975
112985
113011
113131
113167
113219
113249
113305
113339
113353
113407
113461
113537
113545
113555
113629
113677
113771
113803
113851
113857
113887
113897
113929
113933
113953
113965
113977
114005
114049
114065
114101
114173
114275
114289
114355
114361
114397
114469
114635
114643
114739
114751
114859
114889
114907
114961
115003
115109
115153
115267
115315
115469
115531
115571
115589
115621
115643
115645
115693
115721
115729
115739
115777
115823
115829
115937
115939
115967
116029
116057
116165
116281
116305
116315
116351
116417
116453
116459
116477
116485
116533
116557
116575
116671
116705
116747
116765
116795
116809
116893
116939
116965
116993
117169
117317
117397
117457
117481
117485
117535
117565
117587
117625
117649
117667
117701
117709
117793
117875
117955
117961
117967
117985
118069
118163
118177
118195
118217
118225
118237
118297
118351
118385
118393
118447
118457
118469
118475
118489
118505
118549
118577
118591
118685
118687
118739
118763
118813
118837
118867
118973
118997
119009
119135
119137
119249
119339
119357
119369
119411
119465
119485
119515
119549
119621
119647
119683
119731
119737
119749
119891
10933*29^n-4143
91103
91139
91157
91175
91185
91205
91229
91233
91249
91277
91415
91489
91503
91507
91615
91619
91653
91719
91727
91737
91773
91795
91805
91817
91829
91973
91987
91999
92049
92077
92143
92167
92195
92207
92229
92263
92265
92365
92393
92417
92423
92489
92543
92549
92553
92589
92665
92675
92705
92743
92745
92819
92839
92869
92879
92893
92915
92945
93039
93055
93105
93125
93149
93169
93193
93223
93245
93317
93373
93445
93469
93487
93543
93593
93615
93623
93653
93727
93737
93769
93775
93785
93797
93823
93825
93869
93875
93895
93919
94015
94037
94093
94115
94127
94153
94175
94189
94199
94245
94265
94325
94327
94345
94365
94397
94415
94423
94439
94447
94497
94499
94519
94533
94545
94617
94693
94745
94849
94877
94885
95023
95037
95055
95073
95085
95119
95199
95213
95325
95337
95353
95393
95429
95465
95469
95507
95585
95597
95599
95625
95667
95679
95695
95749
95823
95855
95877
95885
95935
95939
95969
95975
96007
96025
96063
96149
96175
96207
96233
96269
96317
96333
96353
96389
96415
96513
96623
96633
96669
96675
96677
96689
96739
96757
96765
96773
96819
96899
96943
96967
97073
97085
97103
97129
97139
97213
97225
97247
97255
97295
97313
97319
97333
97405
97417
97423
97493
97517
97565
97569
97575
97593
97673
97703
97747
97753
97775
97879
97907
97913
97965
97993
98037
98069
98093
98119
98165
98185
98223
98293
98297
98305
98349
98405
98437
98479
98495
98557
98567
98655
98689
98705
98713
98735
98775
98797
98837
98905
98977
99029
99053
99105
99139
99167
99189
99197
99199
99225
99249
99269
99357
99367
99393
99425
99433
99447
99493
99565
99587
99605
99629
99657
99749
99753
99825
99827
99869
99887
99907
99945
99967
99977
99999
100005
100035
100055
100153
100223
100265
100273
100277
100305
100329
100357
100375
100393
100415
100463
100537
100567
100579
100593
100607
100627
100629
100769
100903
100919
100925
100935
100953
100973
100993
100995
101007
101075
101085
101139
101153
101157
101219
101229
101245
101279
101285
101317
101393
101395
101427
101453
101465
101477
101507
101525
101565
101573
101575
101653
101693
101733
101765
101789
101799
101833
101857
101889
101905
101993
102249
102255
102269
102273
102335
102343
102373
102417
102447
102485
102487
102543
102569
102599
102665
102695
102717
102739
102753
102785
102793
102863
102889
102895
102903
102917
102967
102975
103063
103079
103105
103113
103175
103193
103235
103239
103255
103257
103365
103389
103397
103399
103417
103465
103493
103525
103607
103617
103635
103687
103813
103817
103833
103855
103869
103907
103943
103973
104067
104165
104307
104353
104407
104423
104433
104445
104453
104477
104535
104589
104593
104689
104829
104839
104995
105023
105107
105139
105153
105189
105215
105233
105287
105289
105327
105329
105415
105423
105425
105439
105455
105497
105543
105569
105593
105619
105629
105635
105685
105815
105973
105985
106029
106063
106147
106179
106193
106195
106207
106245
106273
106287
106337
106353
106355
106385
106389
106393
106407
106467
106479
106495
106503
106535
106537
106607
106629
106647
106649
106665
106687
106733
106739
106755
106867
106889
106929
106997
107093
107137
107189
107205
107215
107223
107273
107287
107295
107299
107313
107329
107357
107369
107397
107399
107415
107433
107447
107485
107503
107529
107587
107613
107623
107629
107635
107653
107663
107757
107797
107865
107943
107945
107993
108073
108077
108105
108125
108213
108239
108279
108297
108307
108355
108423
108433
108493
108497
108565
108593
108665
108693
108717
108735
108765
108769
108817
108833
108857
108869
108895
108917
108989
109053
109063
109085
109105
109135
109287
109303
109319
109347
109445
109449
109455
109457
109463
109469
109485
109487
109503
109577
109613
109619
109637
109639
109655
109735
109825
109853
109869
109895
109905
109949
109989
109997
110023
110103
110137
110143
110213
110225
110249
110255
110275
110303
110319
110345
110353
110385
110429
110437
110455
110457
110473
110527
110589
110593
110617
110627
110717
110733
110743
110745
110813
110833
110903
110975
111013
111065
111073
111095
111149
111165
111167
111255
111353
111365
111375
111395
111453
111555
111569
111577
111615
111645
111687
111699
111717
111733
111743
111773
111849
111975
112045
112067
112077
112097
112105
112147
112227
112249
112289
112317
112327
112343
112345
112387
112415
112495
112525
112537
112549
112595
112607
112697
112707
112769
112815
112825
112857
112877
112903
112985
113033
113075
113103
113113
113153
113167
113245
113335
113343
113379
113393
113405
113423
113447
113473
113503
113507
113543
113553
113645
113647
113663
113665
113669
113689
113705
113753
113769
113827
113855
113903
113953
114025
114047
114063
114135
114149
114175
114179
114207
114217
114289
114319
114329
114439
114449
114477
114545
114575
114595
114597
114655
114669
114673
114687
114697
114705
114729
114749
114765
114775
114837
114845
114889
114895
114947
114979
114989
115013
115037
115045
115065
115075
115103
115119
115139
115199
115213
115279
115285
115337
115369
115373
115379
115463
115587
115589
115619
115665
115685
115693
115703
115715
115747
115749
115765
115769
115827
115829
115847
115925
115999
116015
116025
116073
116079
116099
116113
116115
116133
116137
116165
116233
116279
116289
116297
116307
116325
116335
116343
116419
116547
116569
116585
116623
116645
116655
116773
116799
116807
116863
116885
116919
116945
116975
116989
116997
117047
117145
117173
117177
117193
117215
117257
117277
117375
117413
117429
117457
117539
117567
117605
117625
117647
117663
117665
117667
117715
117779
117817
117845
117855
117887
117897
117925
117927
118013
118017
118067
118197
118205
118207
118239
118265
118295
118369
118377
118437
118447
118489
118493
118503
118519
118543
118585
118589
118607
118613
118685
118689
118717
118745
118757
118797
118807
118855
118867
118873
118879
118915
118969
118977
118993
118997
119017
119025
119063
119093
119095
119103
119143
119165
119167
119175
119185
119207
119229
119255
119277
119313
119327
119405
119425
119439
119539
119549
119555
119615
119669
119713
119719
119725
119737
119777
119833
119873
119875
119879
119889
119905
119927
119945
10933*29^n-2071
91121
91137
91183
91185
91195
91295
91297
91423
91445
91475
91485
91507
91547
91585
91645
91665
91713
91841
91885
91921
91963
91995
91997
92095
92113
92141
92173
92197
92221
92271
92305
92313
92355
92373
92413
92417
92445
92465
92513
92653
92681
92805
92835
92845
92911
92947
92963
93011
93037
93131
93181
93211
93213
93215
93225
93293
93345
93381
93423
93473
93481
93505
93565
93615
93631
93673
93677
93737
93743
93757
93795
93813
93825
93841
93871
93873
93913
93935
93941
93955
93965
94021
94025
94073
94083
94111
94131
94137
94171
94181
94355
94377
94443
94481
94483
94513
94525
94637
94641
94681
94693
94723
94733
94777
94857
94895
94921
94933
94991
95005
95033
95055
95105
95131
95181
95241
95321
95325
95363
95423
95435
95441
95477
95537
95577
95631
95633
95635
95657
95697
95705
95741
95805
95813
95823
95853
95987
96027
96145
96203
96221
96265
96285
96293
96315
96337
96347
96377
96383
96403
96421
96425
96435
96441
96443
96491
96523
96581
96597
96667
96671
96825
96827
96883
96891
96937
96943
96945
97021
97023
97035
97065
97085
97091
97157
97231
97243
97257
97265
97331
97343
97391
97395
97397
97413
97465
97483
97523
97553
97715
97721
97733
97785
97791
97817
97891
97915
97931
97933
97941
97947
97997
98003
98025
98113
98163
98175
98205
98255
98265
98333
98345
98395
98493
98497
98513
98577
98641
98665
98667
98671
98781
98783
98843
98917
98921
98925
98973
98987
99025
99045
99133
99137
99165
99171
99221
99243
99277
99333
99343
99357
99385
99393
99411
99423
99455
99477
99581
99585
99613
99627
99637
99653
99683
99705
99763
99765
99855
99857
99941
99971
99983
100075
100095
100121
100131
100137
100153
100177
100221
100233
100267
100285
100293
100335
100341
100347
100363
100381
100383
100435
100453
100523
100537
100675
100703
100747
100773
100785
100815
100853
100907
100933
100997
101013
101017
101027
101033
101037
101041
101073
101093
101103
101105
101117
101165
101181
101221
101265
101277
101305
101371
101473
101535
101563
101615
101663
101707
101747
101777
101787
101821
101833
101853
101881
101893
101935
101983
102011
102115
102141
102157
102253
102255
102257
102281
102337
102371
102383
102405
102453
102463
102477
102497
102523
102525
102533
102553
102557
102577
102621
102633
102645
102755
102781
102785
102831
102867
102873
102885
102921
102981
102993
103013
103085
103097
103173
103177
103211
103293
103337
103371
103375
103391
103393
103397
103477
103485
103643
103653
103665
103765
103865
103933
103973
104003
104033
104105
104145
104163
104173
104205
104283
104335
104337
104381
104483
104517
104581
104603
104605
104635
104665
104673
104723
104741
104777
104805
104813
104831
104857
104945
104993
105067
105141
105217
105221
105225
105253
105283
105295
105323
105357
105385
105477
105505
105515
105531
105557
105587
105595
105603
105613
105617
105641
105707
105713
105825
105833
105841
105853
105921
105965
106011
106035
106057
106063
106075
106077
106107
106141
106227
106243
106305
106313
106477
106511
106525
106555
106613
106721
106745
106977
106985
106987
107003
107041
107045
107073
107117
107121
107131
107225
107233
107281
107291
107325
107387
107453
107465
107493
107507
107517
107645
107691
107821
107823
107835
107865
107871
107877
107915
107981
107995
108065
108067
108073
108221
108233
108235
108321
108331
108371
108417
108457
108541
108591
108605
108623
108637
108741
108745
108773
108805
108815
108893
108895
108937
108971
108987
109005
109085
109117
109131
109157
109181
109183
109187
109257
109273
109333
109341
109385
109393
109455
109465
109517
109547
109563
109605
109617
109631
109645
109693
109705
109733
109827
109837
109893
109955
109957
109981
109987
109997
110027
110075
110083
110085
110093
110133
110145
110193
110257
110313
110323
110397
110405
110411
110421
110435
110515
110517
110625
110713
110721
110725
110735
110783
110867
110873
110895
110925
111003
111021
111103
111131
111213
111227
111385
111391
111397
111441
111491
111705
111713
111755
111817
111821
111843
111873
111905
112045
112065
112155
112165
112191
112205
112225
112265
112297
112353
112377
112413
112445
112491
112507
112531
112543
112557
112605
112655
112667
112685
112771
112795
112815
112853
112881
112883
112893
112917
112991
113045
113071
113077
113091
113105
113137
113141
113215
113217
113231
113235
113253
113257
113375
113397
113471
113473
113477
113481
113497
113525
113611
113617
113621
113653
113675
113677
113721
113733
113745
113753
113757
113837
113855
113885
113973
114013
114017
114053
114093
114113
114117
114141
114155
114157
114197
114221
114307
114313
114317
114347
114417
114425
114547
114633
114667
114703
114795
114811
114817
114821
114867
114897
114911
114933
115003
115011
115077
115083
115097
115125
115153
115185
115187
115215
115245
115345
115363
115385
115391
115403
115473
115503
115555
115571
115597
115657
115717
115741
115753
115755
115833
115857
115865
115921
115933
115935
115987
116045
116081
116111
116113
116147
116165
116173
116225
116227
116243
116245
116257
116267
116393
116493
116517
116523
116531
116575
116623
116641
116757
116817
116825
116873
116953
116977
116987
117107
117141
117145
117193
117195
117211
117257
117285
117317
117373
117485
117541
117613
117625
117627
117741
117743
117771
117813
117835
117853
117881
117897
117933
117985
117987
118035
118115
118133
118177
118255
118273
118317
118355
118357
118383
118465
118491
118591
118617
118667
118671
118773
118777
118783
118831
118911
118937
118965
119003
119105
119123
119193
119217
119227
119241
119293
119295
119321
119345
119371
119465
119477
119583
119631
119633
119637
119683
119721
119765
119805
119813
119835
119893
119997
11281*29^n-95
91092
91106
91116
91220
91278
91302
91320
91322
91352
91466
91478
91506
91512
91526
91548
91578
91596
91602
91758
91820
91866
91950
91998
92012
92066
92102
92118
92198
92310
92376
92396
92472
92478
92520
92558
92562
92612
92678
92682
92708
92712
92772
92778
92796
92906
92918
92988
93032
93062
93186
93206
93276
93282
93332
93338
93350
93398
93402
93522
93542
93576
93606
93612
93752
93782
93786
93798
93822
93878
93996
94038
94082
94098
94110
94118
94140
94262
94266
94388
94470
94502
94532
94572
94602
94620
94628
94638
94658
94670
94676
94686
94718
94728
94886
94922
94938
94956
95058
95060
95076
95100
95126
95138
95156
95162
95240
95252
95306
95342
95348
95438
95460
95466
95516
95606
95706
95736
95756
95786
95790
95858
95898
95928
96020
96110
96156
96168
96212
96216
96222
96282
96296
96308
96318
96348
96350
96500
96566
96680
96716
96762
96786
96798
96882
96932
96966
97022
97028
97122
97140
97230
97238
97266
97358
97388
97398
97400
97416
97436
97442
97482
97560
97596
97608
97668
97722
97742
97748
97868
97902
98088
98142
98196
98198
98270
98382
98402
98436
98456
98606
98658
98696
98742
98876
98918
98952
98982
98988
99012
99032
99036
99078
99138
99150
99156
99192
99212
99230
99260
99282
99326
99348
99428
99432
99468
99470
99626
99666
99702
99758
99786
99932
100140
100172
100200
100202
100262
100308
100332
100356
100452
100520
100548
100578
100632
100776
100790
100808
100830
100856
100860
100916
100926
100982
101042
101186
101256
101262
101270
101322
101348
101388
101396
101460
101462
101466
101556
101586
101598
101630
101672
101720
101868
101922
101948
101978
102006
102036
102078
102152
102162
102182
102186
102216
102236
102456
102470
102476
102638
102662
102666
102698
102852
102938
102968
102980
103058
103070
103098
103110
103142
103202
103212
103238
103272
103356
103436
103442
103518
103560
103622
103640
103670
103686
103836
103838
103866
103910
103950
103986
104108
104150
104196
104322
104378
104456
104498
104540
104666
104678
104702
104738
104748
104778
104790
104808
104828
104916
104918
105060
105078
105080
105138
105140
105252
105348
105492
105560
105576
105618
105630
105756
105956
105966
106052
106088
106118
106142
106236
106316
106328
106338
106422
106428
106430
106458
106466
106556
106586
106596
106598
106698
106718
106740
106758
106776
106790
106818
106842
106860
106886
106916
106940
106962
106968
106982
107058
107096
107132
107186
107262
107268
107396
107468
107480
107486
107492
107516
107562
107606
107612
107636
107660
107676
107706
107726
107738
107762
107852
107892
107910
107948
107966
107996
108038
108060
108068
108138
108182
108222
108260
108270
108312
108396
108428
108486
108498
108516
108522
108588
108626
108648
108726
108732
108776
108780
108798
108812
108942
108948
108978
109076
109116
109148
109166
109190
109260
109286
109326
109382
109398
109428
109478
109482
109496
109548
109652
109656
109670
109676
109718
109736
109806
109818
109820
109886
109956
110156
110178
110226
110348
110408
110436
110460
110486
110510
110660
110678
110696
110756
110870
110936
110978
111038
111062
111140
111260
111270
111272
111300
111336
111356
111378
111402
111462
111476
111486
111506
111612
111666
111668
111788
111806
111830
111860
111878
111938
111956
112008
112026
112190
112278
112302
112310
112388
112442
112518
112596
112602
112632
112638
112716
112740
112806
112812
112932
112952
113006
113016
113030
113096
113138
113142
113150
113180
113208
113220
113240
113316
113396
113426
113430
113538
113556
113640
113652
113708
113736
113766
113780
113816
113820
113822
113852
113916
113918
113948
113976
113996
114018
114026
114102
114150
114156
114168
114188
114248
114282
114332
114378
114452
114606
114612
114618
114630
114702
114710
114780
114828
114836
114840
114860
114870
114938
114948
114956
114962
115098
115110
115172
115236
115242
115298
115382
115388
115406
115416
115476
115620
115658
115686
115812
115848
115908
115910
115980
115998
116018
116022
116088
116102
116148
116162
116202
116228
116342
116348
116420
116520
116522
116568
116600
116622
116660
116732
116828
116852
116940
116988
117030
117038
117092
117126
117258
117276
117278
117302
117306
117336
117378
117482
117548
117558
117566
117626
117686
117698
117702
117740
117762
117768
117812
117860
117878
117932
117966
117978
118058
118230
118280
118308
118310
118316
118322
118392
118398
118482
118566
118578
118596
118602
118652
118710
118778
118788
118868
118892
118916
118958
119016
119106
119108
119126
119156
119228
119252
119322
119340
119352
119406
119438
119480
119526
119586
119588
119676
119688
119718
119828
119858
119912
12615*29^n+7573
91074
91116
91170
91326
91332
91440
91506
91524
91794
91836
91884
92052
92118
92172
92196
92322
92352
92370
92496
92520
92556
92640
92712
92766
92844
92880
92898
92982
93054
93078
93096
93522
93666
93672
94050
94098
94116
94242
94404
94512
94530
94536
94620
94788
94908
95016
95040
95106
95148
95196
95202
95358
95394
95400
95556
95664
96066
96174
96258
96336
96456
96534
96636
96660
96744
96780
96804
96834
96996
97074
97200
97326
97596
97680
97704
97794
97806
97824
97842
97878
98004
98046
98064
98100
98424
98670
98712
98766
98796
98850
98856
98904
99030
99102
99108
99192
99360
99504
99588
99804
99828
99840
99912
100056
100398
100452
100560
100566
100578
100830
101064
101106
101172
101268
101334
101376
101484
101628
102114
102252
102276
102348
102360
102540
102546
102594
102684
102828
102852
102882
102960
102978
102996
103176
103332
103374
103392
103518
103644
103800
103872
103980
104004
104094
104148
104256
104274
104364
104436
104508
104520
104574
104724
104736
104796
104940
104994
105282
105300
105348
105384
105534
105564
105636
105708
105744
105816
105822
105906
106020
106038
106056
106434
106452
106482
106734
106866
106884
106914
107004
107076
107094
107244
107292
107496
107532
107616
107724
107748
107796
107832
107868
107892
107904
108036
108162
108210
108306
108414
108462
108498
108756
108900
108930
109020
109152
109182
109218
109404
109422
109524
109584
109602
109740
109776
109782
109836
109902
110052
110172
110178
110232
110304
110412
110514
110520
110748
110784
110856
110946
111036
111042
111060
111204
111276
111324
111474
111492
111564
111774
111924
111960
112050
112158
112188
112464
112482
112494
112512
112572
112584
112638
112680
112788
112818
112836
112860
112926
112944
112950
113058
113160
113166
113214
113256
113436
113454
113538
113544
113868
113880
113916
114012
114336
114420
114456
114510
114588
114606
114942
114948
115218
115284
115452
115596
115716
115740
115824
115896
116022
116118
116244
116472
116526
116616
117192
117234
117282
117462
117612
117678
117720
117846
118002
118038
118098
118164
118200
118290
118296
118380
118632
118926
118980
119250
119298
119316
119502
119712
119766
119856
119880
119892
119964
119970
153671*29^n+6
91088
91148
91176
91196
91296
91400
91428
91440
91448
91704
91824
91884
91988
92076
92084
92216
92240
92264
92436
92460
92480
92508
92568
92576
92588
92600
92636
92736
92804
92828
92984
93044
93048
93084
93176
93236
93264
93308
93396
93428
93444
93456
93468
93540
93576
93608
93624
93684
93728
93764
93768
93824
93836
93840
93896
93980
94008
94104
94196
94296
94344
94404
94436
94520
94556
94580
94604
94640
94700
94728
94748
94836
94848
94856
94884
94940
94988
95036
95088
95240
95324
95388
95460
95484
95600
95628
95828
95844
95976
96068
96080
96236
96260
96284
96324
96408
96464
96480
96504
96636
96656
96684
96708
96720
96740
96764
96828
96864
96944
97088
97100
97284
97364
97608
97640
97656
97680
97788
97800
97976
98000
98060
98064
98168
98300
98340
98348
98400
98424
98468
98580
98624
98628
98636
98700
98760
98936
98984
99084
99116
99140
99224
99228
99236
99296
99348
99380
99404
99428
99444
99456
99740
99780
99824
99848
99864
99948
100100
100184
100236
100308
100364
100368
100380
100556
100560
100568
100608
100656
100680
100740
100860
100956
101000
101024
101108
101148
101168
101304
101376
101424
101456
101480
101520
101540
101568
101576
101724
101748
101756
101784
101840
101876
101880
101940
102008
102036
102048
102068
102080
102120
102216
102240
102360
102396
102456
102480
102504
102528
102596
102660
102828
102848
102900
102908
102948
102984
103020
103064
103116
103188
103208
103236
103308
103376
103404
103640
103656
103884
103940
103968
104016
104064
104328
104336
104396
104400
104444
104484
104556
104604
104660
104780
104816
104844
104916
105060
105108
105116
105216
105236
105384
105404
105408
105564
105596
105644
105828
105836
105908
105924
105956
105980
105984
106028
106104
106116
106340
106416
106424
106484
106656
106676
106736
106800
106880
106904
106920
106980
107124
107136
107156
107208
107348
107384
107408
107468
107540
107628
107796
107868
107988
108060
108116
108128
108140
108144
108188
108264
108276
108296
108308
108336
108368
108420
108444
108480
108696
108744
108816
108864
108920
108948
109064
109080
109088
109148
109296
109356
109364
109388
109484
109524
109584
109616
109644
109656
109668
109676
109760
109844
109896
109904
109968
110040
110048
110060
110108
110120
110264
110324
110388
110456
110520
110580
110648
110688
110708
110796
110804
110820
110856
111056
111128
111584
111644
111728
111740
111816
111828
111864
111876
112044
112164
112188
112376
112380
112544
112548
112560
112740
112884
112896
112916
112920
112968
112976
113028
113040
113124
113204
113208
113256
113280
113300
113324
113384
113396
113420
113456
113480
113520
113600
113640
113676
113700
113988
114000
114080
114104
114128
114216
114324
114408
114440
114456
114480
114780
114836
114860
114920
114936
114944
115064
115100
115128
115220
115224
115260
115296
115440
115584
115616
115620
115656
115688
115824
115836
115856
115928
115940
116036
116148
116160
116168
116196
116228
116240
116276
116304
116328
116376
116436
116544
116556
116624
116688
116784
116796
117000
117164
117188
117248
117276
117284
117444
117480
117500
117524
117536
117656
117660
117704
117764
117768
117836
117840
118008
118020
118056
118068
118184
118224
118236
118280
118344
118368
118448
118508
118536
118616
118688
118724
118748
118760
118848
118860
118944
119004
119060
119064
119208
119304
119328
119348
119384
119468
119688
119696
119736
119816
119876
119964
119976
365835*29^n+220037
91079
91165
91189
91201
91219
91259
91297
91333
91351
91369
91403
91499
91513
91579
91583
91597
91619
91669
91703
91765
91963
92017
92029
92065
92087
92159
92179
92183
92219
92269
92281
92303
92351
92411
92425
92459
92647
92659
92663
92687
92737
92747
92807
92831
92881
92951
93025
93073
93133
93167
93187
93205
93251
93307
93313
93349
93439
93451
93479
93523
93541
93551
93559
93613
93649
93791
93803
93817
93847
93871
93887
93923
93961
93983
94027
94081
94105
94153
94213
94285
94319
94367
94391
94465
94531
94549
94567
94573
94663
94787
94907
94987
95071
95077
95089
95113
95183
95197
95231
95251
95257
95293
95377
95431
95509
95557
95567
95599
95639
95653
95671
95687
95701
95737
95783
95797
95879
95939
95959
95977
96023
96191
96203
96227
96259
96481
96511
96547
96565
96619
96637
96661
96733
96787
96841
96899
96931
96983
96985
97111
97141
97345
97357
97367
97393
97417
97447
97507
97573
97631
97645
97687
97759
97777
97825
97847
97885
97897
97991
98051
98221
98245
98299
98339
98371
98399
98423
98471
98473
98491
98507
98533
98581
98591
98617
98627
98687
98689
98707
98723
98749
98821
98891
98903
98959
98983
98999
99247
99263
99407
99409
99467
99487
99503
99523
99527
99613
99625
99649
99703
99829
99899
99901
99967
100007
100021
100027
100045
100093
100103
100111
100129
100201
100381
100471
100487
100585
100669
100739
100759
100811
100819
100859
100873
100991
101017
101039
101089
101137
101231
101287
101327
101341
101411
101431
101449
101627
101641
101663
101711
101867
101953
101965
102007
102127
102145
102169
102253
102263
102271
102385
102421
102529
102539
102601
102649
102659
102779
102839
102853
102971
103063
103069
103099
103117
103189
103213
103297
103321
103411
103439
103519
103547
103573
103603
103607
103621
103751
103819
103861
103883
103951
103967
103987
103999
104053
104087
104113
104123
104179
104183
104185
104203
104323
104359
104365
104413
104437
104447
104449
104581
104611
104647
104809
104867
104927
105059
105103
105131
105187
105229
105277
105287
105367
105467
105481
105511
105589
105625
105637
105707
105719
105731
105803
105877
105889
106093
106285
106429
106571
106631
106667
106691
106705
106741
106813
106867
106897
106969
106979
106993
107005
107011
107051
107065
107077
107137
107207
107245
107299
107339
107387
107389
107399
107459
107531
107545
107581
107639
107653
107711
107723
107725
107761
107831
107851
107923
107963
107965
108091
108139
108199
108311
108427
108433
108469
108481
108517
108551
108631
108671
108731
108805
108829
108859
108911
108931
108991
109021
109039
109067
109079
109163
109165
109207
109219
109223
109225
109247
109307
109309
109405
109439
109441
109463
109471
109513
109559
109571
109585
109639
109667
109691
109799
109823
109873
109883
109921
109945
110027
110051
110147
110183
110197
110227
110231
110267
110279
110303
110339
110411
110519
110521
110539
110593
110605
110719
110749
110759
110785
110819
110821
110863
110891
110927
110951
110999
111037
111119
111151
111223
111287
111367
111419
111433
111479
111541
111559
111611
111613
111631
111647
111779
111781
111791
111911
111979
112151
112207
112231
112249
112271
112339
112483
112519
112549
112585
112607
112621
112627
112663
112681
112711
112739
112765
112789
112807
112861
112871
112907
112999
113039
113053
113059
113089
113111
113123
113239
113279
113359
113365
113411
113419
113447
113449
113473
113485
113491
113711
113737
113759
113773
113783
113809
113845
113951
113971
113999
114023
114025
114205
114349
114373
114383
114403
114427
114481
114503
114539
114599
114607
114625
114647
114727
114733
114751
114767
114791
114839
114853
114949
115139
115249
115267
115271
115319
115381
115451
115519
115525
115561
115607
115627
115663
115669
115705
115717
115789
115825
115847
115903
115967
116005
116027
116029
116041
116083
116203
116291
116347
116365
116371
116387
116447
116497
116527
116581
116707
116749
116767
116807
116821
116833
116867
116903
116963
116965
117121
117167
117191
117199
117229
117371
117481
117611
117625
117671
117757
117791
117793
117829
117877
117883
117887
117973
118007
118021
118079
118091
118199
118207
118211
118279
118381
118399
118417
118511
118513
118531
118567
118597
118631
118711
118727
118867
118885
118919
119053
119071
119173
119183
119207
119263
119287
119351
119359
119399
119449
119551
119627
119651
119687
119803
119819
119831
514817*29^n-9
91085
91115
91129
91137
91235
91259
91305
91315
91325
91337
91385
91403
91433
91449
91477
91485
91513
91547
91559
91577
91625
91665
91709
91715
91757
91765
91795
91809
91819
91833
91883
91913
91975
91979
92107
92117
92165
92225
92243
92353
92373
92389
92395
92435
92457
92469
92493
92525
92579
92649
92665
92717
92737
92745
92749
92753
92759
92793
92855
92865
92875
92889
92899
92917
92929
92969
93005
93009
93079
93143
93145
93153
93179
93197
93225
93239
93289
93305
93347
93419
93485
93573
93619
93645
93689
93737
93745
93765
93797
93809
93897
93899
93933
94017
94019
94037
94089
94105
94123
94163
94243
94265
94285
94293
94387
94405
94487
94565
94609
94677
94809
94979
94999
95015
95025
95033
95045
95057
95097
95099
95129
95133
95185
95203
95207
95225
95257
95269
95285
95297
95453
95557
95565
95645
95683
95693
95707
95733
95747
95753
95777
95783
95805
95825
95915
95957
95993
96013
96033
96097
96103
96125
96137
96165
96167
96173
96187
96237
96245
96259
96273
96285
96313
96317
96357
96429
96443
96467
96473
96485
96569
96583
96589
96629
96709
96725
96753
96785
96833
96859
96949
96995
97015
97033
97079
97113
97127
97149
97163
97229
97233
97253
97255
97273
97307
97329
97345
97355
97357
97397
97425
97433
97489
97499
97505
97573
97577
97643
97649
97709
97715
97717
97763
97805
97825
97843
97889
97937
97955
97973
97985
98057
98065
98073
98083
98093
98123
98149
98153
98177
98195
98217
98309
98363
98443
98445
98465
98489
98545
98555
98567
98605
98613
98633
98657
98689
98725
98795
98819
98865
98885
98893
98937
98939
98969
99049
99077
99157
99173
99177
99227
99269
99299
99309
99347
99355
99397
99413
99513
99539
99569
99575
99633
99653
99665
99737
99849
99893
99959
100009
100025
100057
100163
100197
100237
100247
100257
100345
100405
100433
100445
100453
100475
100485
100557
100603
100667
100697
100705
100727
100813
100853
100857
100873
101035
101075
101147
101159
101173
101207
101227
101255
101297
101335
101385
101395
101409
101425
101489
101517
101577
101633
101669
101693
101745
101765
101773
101783
101803
101857
101867
101893
101949
101973
101993
102017
102025
102043
102089
102115
102169
102227
102285
102305
102347
102417
102473
102523
102525
102529
102595
102635
102637
102683
102707
102869
102883
102907
102929
102979
103033
103037
103153
103187
103225
103235
103337
103385
103387
103403
103405
103427
103457
103459
103495
103513
103517
103565
103609
103627
103643
103735
103765
103793
103805
103809
103865
103879
103895
103907
103925
103929
103965
104003
104035
104089
104129
104149
104203
104229
104275
104325
104329
104377
104457
104493
104503
104615
104633
104645
104707
104743
104745
104765
104897
104909
104957
105053
105059
105069
105179
105197
105213
105233
105273
105275
105309
105377
105403
105457
105485
105515
105589
105625
105629
105683
105697
105725
105815
105849
105875
105893
105923
105953
105977
105979
106007
106093
106115
106145
106157
106163
106165
106249
106253
106257
106277
106309
106345
106357
106403
106417
106473
106487
106497
106499
106509
106537
106555
106595
106793
106915
106929
106967
107009
107057
107113
107137
107177
107185
107193
107265
107297
107333
107339
107365
107383
107387
107405
107433
107459
107509
107589
107605
107657
107687
107725
107769
107813
107993
108017
108035
108049
108069
108077
108083
108125
108163
108285
108293
108325
108333
108355
108369
108453
108473
108489
108499
108553
108563
108685
108765
108769
108793
108823
108839
108865
108935
108955
108977
109057
109085
109089
109099
109115
109127
109133
109165
109175
109187
109189
109253
109315
109397
109463
109507
109533
109543
109545
109633
109655
109675
109739
109783
109805
109883
109907
109909
109913
109957
109997
110025
110035
110083
110099
110165
110209
110245
110267
110273
110359
110363
110375
110525
110529
110555
110573
110603
110649
110685
110753
110803
110825
110837
110873
110909
110917
110947
110953
111005
111105
111145
111203
111245
111317
111357
111383
111395
111397
111469
111477
111513
111525
111533
111587
111623
111645
111657
111665
111717
111763
111813
111853
111899
111937
111969
112043
112085
112097
112099
112125
112157
112195
112205
112217
112235
112279
112293
112297
112307
112349
112387
112393
112413
112433
112457
112465
112475
112487
112715
112729
112753
112869
112897
112905
112949
113003
113005
113015
113033
113099
113129
113197
113219
113239
113285
113345
113369
113373
113399
113483
113525
113543
113579
113705
113709
113735
113745
113845
113863
113873
113925
113985
114065
114083
114117
114233
114295
114349
114369
114393
114473
114499
114513
114573
114587
114625
114633
114647
114653
114797
114827
114859
114947
114985
115005
115019
115033
115049
115053
115065
115075
115077
115097
115109
115205
115249
115305
115319
115325
115329
115373
115397
115445
115677
115705
115745
115825
115843
115859
115915
115949
115987
116003
116013
116105
116129
116155
116169
116185
116249
116299
116315
116329
116365
116453
116465
116473
116483
116505
116507
116545
116613
116637
116669
116673
116699
116729
116813
116843
116909
117037
117089
117163
117265
117285
117287
117319
117365
117389
117433
117485
117499
117533
117537
117587
117597
117613
117635
117645
117649
117657
117665
117707
117785
117789
117859
117865
117929
117965
117973
117977
118027
118077
118097
118129
118157
118197
118309
118317
118355
118507
118533
118545
118595
118605
118649
118729
118763
118769
118819
118829
118857
118925
118945
118957
119029
119097
119213
119225
119267
119273
119303
119339
119373
119417
119429
119515
119557
119577
119605
119629
119665
119683
119699
119785
119879
119927
119933
119949
119953
119963
119973
585336*29^n+13361
91102
91112
91114
91162
91166
91178
91196
91198
91234
91268
91278
91348
91384
91422
91432
91534
91538
91552
91618
91624
91642
91662
91706
91762
91866
91876
91904
91912
91914
91934
91938
91948
92002
92008
92014
92042
92068
92092
92146
92168
92206
92222
92264
92274
92296
92332
92354
92386
92392
92408
92428
92498
92528
92626
92682
92696
92698
92714
92728
92878
92944
92958
93104
93118
93122
93184
93214
93236
93342
93346
93352
93358
93378
93482
93562
93618
93652
93676
93752
93762
93796
93848
93934
93946
93966
93982
94028
94046
94078
94094
94138
94144
94172
94238
94312
94346
94352
94396
94408
94436
94442
94446
94496
94506
94544
94554
94578
94594
94618
94634
94636
94652
94654
94688
94702
94744
94802
94864
94892
94984
95012
95026
95118
95162
95176
95224
95278
95298
95408
95418
95442
95486
95518
95572
95586
95666
95682
95696
95698
95792
95858
95866
95876
95908
95918
95934
95962
96018
96052
96062
96082
96138
96146
96202
96224
96254
96322
96328
96344
96376
96426
96452
96542
96546
96548
96558
96578
96596
96618
96632
96674
96686
96712
96728
96782
96784
96794
96832
96848
96942
97026
97028
97042
97102
97118
97168
97258
97424
97426
97516
97522
97554
97614
97658
97666
97754
97806
97936
97952
97966
97984
98008
98046
98082
98114
98202
98224
98252
98258
98274
98348
98368
98378
98394
98478
98536
98546
98596
98622
98654
98658
98762
98836
98846
98932
99064
99082
99148
99188
99198
99296
99316
99328
99358
99374
99406
99426
99436
99534
99562
99568
99572
99594
99676
99818
99822
99842
99886
99896
99914
99966
100052
100122
100126
100138
100142
100192
100218
100338
100346
100348
100372
100382
100396
100408
100492
100494
100522
100538
100558
100612
100616
100626
100648
100746
100778
100832
100834
100914
100948
100958
100974
100978
101006
101022
101038
101138
101166
101182
101214
101266
101276
101278
101332
101354
101374
101384
101476
101498
101502
101514
101528
101548
101566
101578
101584
101618
101634
101658
101716
101754
101788
101812
101834
101836
101888
101946
101948
101966
101986
101996
101998
102052
102066
102092
102094
102142
102146
102158
102186
102218
102222
102254
102266
102304
102308
102318
102398
102452
102538
102568
102606
102622
102626
102682
102702
102712
102762
102784
102788
102794
102802
102824
102826
102834
102862
102898
102906
102914
102922
102928
102978
103048
103144
103146
103184
103186
103202
103234
103258
103262
103278
103312
103338
103354
103378
103492
103516
103518
103528
103598
103612
103614
103636
103642
103696
103706
103762
103794
103816
103838
103854
103882
103904
103906
103914
103938
103946
103954
103978
104066
104082
104104
104154
104178
104188
104286
104314
104334
104368
104428
104432
104446
104464
104538
104576
104588
104608
104658
104682
104716
104732
104746
104786
104812
104824
104846
104878
104908
104922
104946
104958
104974
105006
105076
105092
105098
105146
105186
105236
105296
105298
105346
105422
105438
105474
105498
105508
105546
105592
105596
105598
105616
105618
105726
105728
105786
105794
105818
105832
105848
105946
105994
106002
106106
106132
106232
106258
106266
106322
106366
106414
106466
106506
106516
106554
106594
106602
106618
106624
106648
106708
106712
106766
106786
106816
106826
106888
106916
106936
106938
106962
106984
107024
107042
107072
107106
107108
107114
107144
107162
107194
107248
107262
107266
107278
107298
107314
107338
107378
107438
107466
107492
107504
107522
107562
107576
107584
107728
107746
107806
107818
107898
107994
108014
108058
108068
108078
108114
108136
108138
108234
108274
108314
108332
108338
108368
108378
108394
108424
108442
108514
108522
108602
108606
108676
108714
108728
108734
108746
108772
108788
108874
108892
108894
108926
108952
108978
109016
109102
109196
109218
109234
109242
109258
109278
109326
109348
109358
109378
109466
109472
109486
109504
109522
109538
109544
109552
109666
109708
109726
109744
109758
109786
109818
109822
109852
109858
109886
109888
109906
109912
109916
109934
109948
110032
110062
110078
110098
110152
110154
110194
110202
110258
110272
110282
110362
110452
110458
110476
110494
110606
110626
110634
110638
110654
110672
110686
110744
110746
110798
110814
110824
110866
110888
110906
111006
111018
111034
111066
111088
111136
111172
111186
111218
111232
111236
111294
111298
111308
111392
111402
111412
111424
111472
111508
111532
111536
111544
111572
111578
111582
111616
111712
111796
111834
111858
111928
111968
111986
112018
112036
112094
112098
112194
112216
112222
112252
112254
112264
112266
112298
112318
112352
112388
112426
112462
112508
112546
112588
112654
112814
112828
112868
112904
112914
112946
112976
112986
113022
113036
113086
113106
113108
113118
113128
113134
113146
113218
113228
113234
113326
113332
113338
113358
113408
113418
113428
113442
113458
113482
113502
113514
113516
113576
113584
113586
113596
113612
113642
113646
113678
113682
113746
113774
113788
113806
113818
113836
113848
113912
113936
114042
114126
114174
114186
114272
114376
114394
114452
114466
114494
114506
114526
114542
114544
114548
114568
114594
114606
114654
114658
114794
114812
114814
114832
114834
114846
114848
114882
114892
114946
114958
114962
115012
115026
115028
115072
115108
115186
115234
115242
115336
115438
115498
115518
115528
115582
115586
115592
115618
115658
115662
115664
115674
115746
115828
115882
115892
115918
115946
115948
115978
115998
116026
116034
116062
116126
116222
116254
116288
116296
116308
116362
116378
116432
116446
116478
116526
116528
116554
116612
116666
116698
116708
116718
116738
116788
116816
116818
116862
116872
116898
116958
117052
117066
117102
117134
117136
117138
117224
117226
117248
117316
117322
117352
117406
117486
117496
117502
117508
117514
117544
117566
117616
117748
117778
117796
117842
117886
117898
117968
118052
118058
118202
118206
118268
118322
118348
118412
118432
118446
118542
118546
118592
118606
118612
118618
118666
118672
118708
118732
118786
118794
118864
118878
118882
118914
118922
118936
118962
118984
119024
119058
119074
119082
119118
119146
119166
119168
119182
119224
119228
119272
119278
119368
119442
119548
119586
119614
119636
119646
119674
119706
119722
119746
119758
119776
119816
119898
119906
119908
119984
119994
606274*29^n-19
91109
91123
91175
91235
91295
91303
91325
91339
91387
91403
91429
91499
91517
91669
91675
91679
91735
91739
91757
91817
91843
91897
91939
91979
91987
92023
92039
92047
92053
92069
92155
92173
92179
92185
92219
92237
92275
92279
92333
92375
92389
92485
92495
92533
92539
92557
92567
92573
92669
92719
92725
92743
92747
92815
92857
92875
92963
93055
93095
93103
93107
93109
93155
93167
93193
93263
93275
93379
93383
93479
93503
93517
93643
93703
93709
93733
93737
93815
93823
93829
93859
93863
93995
94007
94009
94025
94043
94247
94255
94285
94319
94373
94399
94463
94537
94589
94607
94613
94633
94747
94757
94823
94843
94867
94889
94969
95095
95099
95113
95143
95155
95195
95215
95219
95239
95255
95429
95435
95449
95479
95509
95515
95549
95557
95645
95659
95767
95867
95879
95915
95923
95939
95963
95983
96023
96059
96107
96167
96197
96233
96265
96269
96275
96317
96329
96343
96355
96397
96419
96445
96463
96467
96547
96575
96647
96659
96683
96715
96775
96803
96823
96847
96949
96959
96989
97015
97043
97075
97093
97175
97243
97255
97279
97295
97307
97429
97495
97549
97555
97559
97567
97613
97655
97673
97715
97735
97769
97907
97925
97979
98069
98095
98125
98153
98233
98243
98303
98309
98333
98419
98479
98519
98543
98555
98597
98603
98623
98629
98659
98665
98683
98693
98749
98755
98819
98843
98893
98947
98959
98983
99017
99157
99203
99209
99275
99373
99413
99445
99523
99529
99565
99595
99637
99659
99689
99703
99707
99773
99835
99973
99995
100007
100015
100039
100045
100067
100073
100079
100093
100103
100117
100207
100349
100403
100415
100447
100459
100499
100517
100553
100559
100583
100585
100595
100723
100759
100799
100807
100825
100829
100843
100847
100885
100943
100969
100975
101047
101053
101059
101087
101123
101149
101159
101167
101257
101269
101293
101317
101389
101417
101503
101509
101545
101549
101695
101717
101779
101795
101813
101819
101833
101845
101867
101903
101909
101947
101963
101965
101987
101989
101999
102007
102143
102157
102215
102349
102409
102439
102515
102517
102535
102557
102653
102659
102703
102719
102725
102733
102845
102863
102895
102917
102923
102935
102967
102983
103063
103067
103103
103109
103195
103223
103243
103363
103429
103435
103445
103535
103559
103567
103595
103597
103613
103667
103747
103853
103883
103909
103919
103973
104035
104039
104119
104143
104275
104285
104287
104309
104317
104423
104479
104539
104585
104665
104743
104789
104819
104837
104875
104887
104909
104947
104959
104995
105085
105115
105133
105179
105253
105337
105383
105467
105485
105515
105547
105643
105647
105655
105667
105799
105803
105823
105839
105863
105913
105925
105949
106063
106099
106199
106217
106253
106259
106343
106409
106429
106463
106495
106597
106603
106693
106757
106759
106873
106915
106987
107113
107173
107179
107213
107279
107299
107323
107363
107447
107459
107485
107519
107525
107549
107573
107597
107615
107635
107639
107647
107669
107719
107759
107795
107803
107987
108047
108083
108167
108199
108223
108275
108329
108355
108407
108443
108475
108539
108575
108599
108617
108709
108745
108767
108775
108847
108889
108989
109003
109079
109139
109189
109193
109237
109273
109279
109319
109339
109463
109469
109499
109565
109573
109603
109645
109663
109739
109753
109769
109799
109853
109867
109883
110023
110045
110083
110093
110099
110125
110149
110155
110249
110267
110287
110359
110413
110419
110485
110507
110567
110617
110695
110719
110755
110879
110887
110965
111059
111079
111199
111253
111289
111299
111349
111359
111419
111485
111493
111557
111563
111583
111623
111679
111733
111767
111773
111775
111799
111859
111869
111917
111919
112037
112093
112135
112147
112213
112247
112265
112279
112307
112343
112345
112375
112435
112487
112535
112555
112613
112615
112733
112745
112799
112819
112859
112885
112903
113003
113029
113053
113075
113093
113113
113195
113237
113285
113363
113389
113407
113443
113543
113549
113593
113659
113719
113725
113819
113897
113909
113999
114019
114023
114073
114109
114119
114143
114163
114169
114185
114223
114269
114307
114325
114355
114367
114383
114389
114415
114439
114445
114479
114583
114643
114703
114797
114823
114835
114853
114887
114967
115033
115045
115087
115159
115163
115187
115189
115235
115259
115307
115315
115379
115397
115439
115567
115595
115639
115669
115723
115775
115819
115859
115895
115913
115915
115919
115943
115979
116089
116119
116135
116287
116293
116339
116363
116413
116459
116539
116557
116563
116599
116635
116645
116707
116717
116767
116773
116855
116899
116903
116959
116999
117007
117019
117037
117053
117083
117095
117175
117239
117365
117373
117407
117449
117455
117475
117499
117503
117563
117583
117679
117773
117823
117853
117887
117895
117917
117923
117949
118037
118079
118157
118159
118187
118253
118255
118429
118487
118537
118559
118603
118615
118679
118709
118739
118759
118807
118825
118855
118889
118895
118903
118907
118943
119063
119069
119123
119165
119203
119209
119239
119347
119533
119539
119587
119615
119629
119669
119725
119749
119795
119813
119837
119849
119869
119875
119957
119989
119999
2525987*29^n+9
91106
91132
91144
91146
91192
91204
91242
91368
91452
91466
91474
91492
91496
91544
91564
91578
91596
91602
91606
91638
91658
91674
91746
91754
91768
91778
91876
91884
91928
91956
91958
91994
92006
92012
92024
92052
92108
92136
92276
92318
92338
92378
92468
92498
92504
92552
92556
92614
92638
92642
92676
92678
92788
92802
92812
92938
92964
92966
93014
93042
93044
93074
93086
93132
93154
93198
93242
93244
93256
93304
93348
93362
93388
93438
93458
93496
93512
93612
93626
93698
93704
93736
93748
93762
93882
93974
93986
94004
94058
94098
94136
94138
94186
94202
94232
94246
94258
94268
94278
94286
94296
94376
94418
94424
94468
94476
94504
94558
94562
94616
94626
94628
94634
94678
94724
94728
94738
94756
94792
94844
94854
94908
94918
94948
94964
94984
94994
94998
95036
95044
95052
95114
95128
95144
95148
95156
95158
95174
95186
95206
95218
95236
95282
95336
95378
95386
95404
95418
95436
95494
95534
95592
95618
95634
95646
95666
95678
95684
95692
95738
95754
95774
95786
95816
95818
95878
95912
95954
95966
95978
95996
96006
96058
96074
96086
96088
96098
96146
96166
96212
96244
96258
96358
96362
96374
96392
96426
96458
96474
96516
96518
96526
96566
96578
96584
96634
96638
96706
96716
96722
96744
96754
96776
96814
96888
96938
96946
96962
96968
97006
97092
97094
97106
97124
97146
97148
97252
97274
97288
97318
97364
97406
97442
97452
97478
97486
97498
97524
97538
97554
97608
97634
97658
97682
97708
97714
97716
97734
97826
97898
97922
97928
97946
97956
98028
98054
98058
98078
98084
98098
98148
98158
98162
98194
98202
98248
98266
98274
98276
98324
98386
98404
98406
98414
98418
98424
98446
98454
98474
98498
98504
98508
98516
98526
98598
98606
98636
98696
98712
98792
98796
98806
98854
98882
98892
98922
99026
99034
99092
99094
99098
99122
99126
99128
99174
99178
99198
99206
99234
99236
99242
99246
99266
99358
99368
99386
99394
99398
99432
99466
99476
99512
99516
99538
99608
99628
99652
99656
99788
99796
99806
99818
99836
99866
99874
99876
99886
99908
99938
99944
99974
100004
100026
100034
100044
100164
100198
100214
100258
100268
100322
100346
100366
100386
100394
100398
100406
100412
100456
100478
100558
100564
100568
100574
100578
100604
100616
100648
100712
100718
100724
100728
100766
100802
100812
100818
100874
100876
100886
100904
100922
100926
100966
100994
101018
101054
101068
101118
101126
101132
101196
101224
101266
101278
101294
101322
101336
101366
101386
101388
101398
101448
101452
101498
101516
101528
101556
101608
101666
101674
101678
101708
101726
101748
101768
101826
101864
101934
101964
101992
102054
102058
102074
102092
102116
102126
102132
102194
102212
102218
102286
102292
102296
102298
102306
102328
102376
102506
102584
102594
102634
102666
102676
102686
102692
102716
102746
102774
102788
102796
102798
102934
102986
103018
103028
103034
103048
103054
103078
103098
103126
103174
103192
103226
103238
103268
103292
103318
103338
103378
103386
103396
103406
103412
103454
103468
103474
103486
103518
103544
103604
103646
103658
103724
103726
103796
103802
103818
103832
103842
103846
103906
103912
103928
103932
103944
103958
104036
104074
104164
104178
104196
104214
104234
104236
104252
104264
104282
104308
104326
104378
104438
104444
104466
104484
104508
104522
104546
104554
104574
104598
104632
104654
104678
104682
104706
104714
104808
104834
104852
104858
104868
104882
104926
104938
104978
105012
105026
105044
105098
105106
105154
105294
105318
105336
105348
105448
105466
105484
105506
105548
105604
105624
105658
105708
105736
105748
105766
105768
105778
105786
105788
105852
105896
105926
105944
105978
106046
106086
106092
106122
106124
106174
106196
106202
106212
106226
106246
106254
106258
106294
106334
106344
106376
106378
106412
106454
106532
106556
106568
106626
106632
106654
106718
106748
106776
106856
106918
106988
107028
107046
107048
107076
107082
107208
107212
107234
107278
107282
107316
107346
107386
107388
107396
107398
107434
107458
107486
107494
107532
107534
107594
107636
107688
107692
107708
107764
107834
107846
107858
107866
107892
107926
107938
107944
107992
108038
108084
108108
108116
108122
108138
108148
108156
108178
108184
108194
108196
108232
108234
108284
108292
108338
108344
108374
108386
108414
108436
108466
108468
108484
108486
108506
108536
108556
108586
108626
108634
108652
108666
108766
108792
108858
108876
108878
108904
108908
108934
108946
108954
108958
108968
108984
109006
109034
109052
109082
109092
109118
109134
109156
109202
109214
109218
109268
109274
109278
109316
109334
109336
109352
109368
109386
109394
109412
109414
109416
109454
109494
109514
109528
109534
109576
109586
109628
109652
109674
109676
109692
109708
109718
109722
109736
109794
109816
109858
109898
109946
109998
110026
110056
110084
110104
110132
110152
110178
110198
110214
110234
110266
110276
110312
110324
110366
110424
110434
110438
110446
110468
110478
110498
110518
110538
110586
110646
110648
110654
110664
110698
110792
110794
110808
110846
110854
110894
110936
110948
110966
111018
111036
111042
111058
111098
111108
111144
111206
111214
111226
111238
111244
111266
111274
111288
111378
111414
111454
111478
111496
111508
111564
111596
111646
111654
111676
111718
111766
111818
111832
111854
111864
111868
111878
111886
111906
111918
111998
112006
112036
112066
112084
112088
112098
112126
112134
112136
112148
112158
112186
112198
112226
112244
112266
112268
112316
112334
112358
112376
112378
112446
112456
112494
112508
112516
112546
112566
112574
112602
112618
112646
112676
112712
112754
112774
112806
112838
112858
112926
112932
112964
112986
112994
113006
113018
113038
113066
113076
113092
113124
113128
113158
113188
113202
113236
113246
113282
113324
113378
113384
113402
113404
113466
113506
113524
113534
113588
113614
113666
113698
113762
113764
113846
113894
113916
113922
113974
114002
114088
114104
114122
114136
114156
114206
114236
114266
114286
114294
114328
114338
114362
114366
114456
114514
114574
114598
114628
114634
114678
114718
114836
114842
114878
115006
115038
115046
115058
115068
115076
115078
115114
115118
115144
115186
115202
115252
115256
115322
115326
115406
115414
115428
115452
115498
115508
115518
115526
115528
115532
115546
115596
115618
115624
115682
115716
115784
115802
115842
115846
115852
115866
115878
115894
115916
115928
115946
115958
115976
115978
115988
116028
116056
116066
116132
116134
116138
116152
116174
116198
116226
116292
116298
116306
116312
116314
116328
116406
116436
116476
116492
116494
116522
116546
116566
116604
116606
116612
116634
116638
116666
116712
116726
116744
116748
116762
116792
116802
116814
116838
116886
116906
116996
117034
117054
117068
117076
117158
117164
117178
117218
117242
117252
117268
117278
117282
117304
117318
117338
117368
117386
117398
117418
117446
117452
117482
117534
117544
117548
117574
117614
117814
117818
117828
117854
117878
117882
117962
117986
118002
118004
118034
118074
118094
118106
118132
118136
118146
118148
118152
118186
118198
118204
118244
118276
118286
118294
118296
118398
118406
118414
118434
118438
118478
118552
118562
118566
118614
118678
118682
118706
118712
118714
118718
118724
118766
118794
118826
118834
118836
118838
118892
118904
118938
118956
118962
119018
119028
119054
119064
119106
119126
119174
119186
119194
119214
119218
119278
119298
119322
119334
119394
119416
119426
119428
119478
119496
119604
119658
119674
119676
119716
119746
119762
119766
119784
119854
119878
119944
119978
