pmin=30742584347
15964*19^n-1
131930
131946
131978
131982
131988
132006
132020
132050
132062
132068
132110
132140
132188
132198
132290
132300
132350
132356
132380
132396
132402
132426
132476
132492
132498
132540
132572
132582
132726
132732
132806
132858
132876
132890
132908
132950
132996
133076
133100
133122
133130
133142
133230
133236
133346
133430
133442
133518
133550
133580
133626
133662
133676
133730
133748
133758
133778
133830
133850
133862
133956
133982
133986
133988
134028
134132
134162
134166
134190
134210
134262
134286
134382
134460
134510
134540
134580
134586
134676
134702
134742
134762
134790
134798
134822
134828
134858
134868
134886
134892
134906
134958
134990
135036
135062
135098
135182
135212
135222
135266
135270
135282
135390
135396
135420
135422
135462
135518
135638
135660
135828
135830
135842
135930
135942
136002
136028
136166
136206
136212
136268
136316
136332
136340
136346
136388
136550
136562
136580
136586
136610
136628
136670
136710
136716
136718
136722
136742
136748
136758
136766
136862
136938
136970
136986
137022
137052
137090
137162
137220
137286
137412
137466
137492
137498
137532
137546
137550
137558
137588
137642
137646
137750
137762
137798
137828
137910
137958
137966
137972
137988
138012
138030
138042
138062
138068
138092
138140
138222
138260
138290
138386
138402
138452
138492
138498
138500
138602
138662
138702
138908
138932
138942
138980
139026
139058
139062
139118
139170
139190
139242
139310
139326
139346
139362
139410
139590
139596
139598
139668
139670
139788
139820
139838
139860
139862
139890
140138
140172
140250
140282
140300
140340
140378
140388
140460
140622
140658
140718
140852
140886
140942
141012
141116
141132
141150
141236
141246
141260
141270
141302
141348
141420
141438
141506
141572
141650
141686
141692
141710
141722
141782
141788
141822
141866
141900
141918
141930
141956
141962
141966
142130
142146
142172
142178
142182
142196
142230
142250
142278
142346
142388
142406
142478
142482
142508
142580
142722
142746
142940
142980
143090
143108
143180
143186
143252
143330
143388
143396
143490
143558
143586
143642
143652
143828
143846
143876
143916
143942
143972
144018
144020
144036
144038
144068
144098
144102
144132
144140
144158
144206
144218
144258
144266
144302
144308
144338
144350
144522
144540
144566
144590