pmin=5774967817
18424*28^n+125
13734
13738
13748
13758
13778
13786
13810
13820
13860
13876
13892
13894
13912
13926
13944
13954
13994
14022
14038
14054
14080
14082
14094
14100
14110
14118
14134
14156
14170
14188
14226
14246
14252
14264
14272
14288
14292
14300
14328
14334
14350
14354
14378
14380
14416
14430
14432
14444
14506
14520
14532
14562
14566
14568
14576
14578
14602
14614
14620
14648
14668
14674
14696
14706
14782
14804
14848
14858
14910
14954
14958
14962
14980
15000
15008
15016
15020
15056
15072
15124
15136
15138
15142
15144
15152
15164
15168
15204
15222
15226
15262
15264
15268
15278
15300
15316
15352
15368
15394
15430
15484
15538
15548
15582
15602
15606
15618
15624
15628
15678
15682
15692
15712
15728
15738
15750
15754
15764
15768
15774
15784
15802
15844
15858
15888
15894
15898
15912
15936
15956
15970
15982
15984
15988
15992
16002
16018
16026
16034
16046
16050
16074
16100
16104
16106
16108
16122
16124
16146
16154
16160
16164
16186
16198
16200
16206
16230
16232
16234
16276
16278
16288
16296
16306
16308
16314
16330
16344
16352
16470
16482
16488
16496
16522
16542
16550
16564
16568
16574
16582
16594
16630
16682
16690
16698
16700
16728
16738
16746
16748
16754
16798
16808
16824
16828
16864
16882
16906
16910
16916
16918
16924
16946
16970
16988
17006
17016
17034
17040
17044
17086
17090
17096
17108
17114
17116
17134
17136
17158
17204
17212
17216
17232
17238
17240
17256
17280
17284
17296
17298
17306
17322
17324
17332
17342
17360
17402
17418
17422
17428
17430
17432
17458
17496
17504
17508
17512
17514
17522
17530
17548
17602
17612
17636
17652
17672
17674
17712
17730
17756
17778
17808
17834
17854
17864
17874
17888
17890
17906
17908
17922
17958
17980
17986
17990
18044
18058
18072
18078
18088
18098
18104
18116
18120
18126
18140
18142
18174
18176
18184
18186
18224
18228
18264
18270
18324
18338
18368
18386
18392
18418
18426
18504
18510
18520
18528
18574
18584
18610
18634
18644
18652
18728
18736
18752
18762
18782
18792
18796
18842
18862
19004
19024
19038
19040
19044
19058
19074
19076
19086
19088
19096
19102
19112
19122
19124
19146
19156
19188
19220
19224
19228
19290
19292
19318
19326
19350
19400
19434
19446
19472
19480
19536
19544
19546
19554
19560
19562
19590
19618
19632
19634
19660
19690
19708
19714
19718
19724
19726
19768
19772
19806
19848
19850
19858
19862
19868
19942
19944
19992
20002
20020
20030
20038
20058
20088
20092
20110
20118
20128
20136
20160
20182
20204
20208
20228
20246
20248
20254
20294
20300
20304
20308
20330
20352
20366
20382
20384
20408
20418
20442
20444
20452
20506
20524
20538
20550
20554
20564
20570
20582
20608
20642
20678
20680
20686
20696
20698
20724
20726
20740
20760
20768
20776
20794
20820
20858
20868
20870
20924
20946
20950
20964
20968
20984
20986
20992
20994
21006
21010
21040
21046
21072
21114
21146
21150
21194
21202
21208
21244
21248
21256
21272
21288
21298
21302
21308
21320
21338
21354
21356
21362
21364
21378
21384
21392
21414
21428
21436
21442
21450
21452
21456
21496
21508
21522
21544
21546
21568
21570
21582
21590
21600
21614
21616
21632
21670
21676
21690
21696
21704
21712
21716
21734
21742
21744
21766
21774
21778
21780
21802
21814
21816
21822
21850
21856
21860
21868
21904
21912
21928
21958
21986
21994
22000
22002
22014
22020
22036
22050
22068
22072
22086
22128
22130
22134
22156
22162
22172
22180
22192
22206
22208
22212
22220
22224
22228
22254
22256
22274
22282
22306
22316
22318
22336
22352
22370
22404
22468
22488
22508
22532
22554
22560
22576
22580
22588
22614
22644
22676
22692
22752
22784
22806
22810
22832
22856
22858
22874
22878
22900
22904
22922
22932
22964
22976
22992
23000
23008
23012
23018
23020
23036
23044
23072
23108
23112
23120
23152
23166
23182
23206
23226
23236
23268
23272
23280
23288
23298
23308
23346
23362
23372
23376
23380
23386
23394
23400
23416
23424
23432
23444
23452
23458
23468
23472
23496
23502
23520
23530
23534
23540
23574
23576
23588
23598
23612
23670
23678
23704
23736
23748
23754
23758
23764
23784
23802
23814
23828
23840
23876
23884
23886
23904
23936
23938
23972
23976
23982
23998
24008
24088
24092
24100
24110
24120
24134
24138
24142
24146
24162
24164
24172
24180
24186
24188
24206
24214
24224
24242
24250
24264
24268
24278
24288
24290
24296
24318
24330
24336
24344
24354
24360
24368
24442
24448
24452
24468
24470
24498
24510
24520
24522
24552
24556
24576
24594
24600
24604
24610
24628
24630
24640
24672
24678
24694
24728
24738
24754
24782
24802
24812
24818
24822
24846
24874
24880
24882
24888
24892
24916
24938
24988
24998
25002
25032
25052
25056
25078
25098
25128
25134
25142
25144
25172
25204
25222
25240
25262
25276
25280
25286
25290
25330
25350
25380
25402
25432
25446
25470
25486
25514
25520
25522
25584
25610
25638
25640
25662
25664
25672
25682
25686
25726
25744
25784
25808
25812
25818
25820
25826
25830
25848
25862
25870
25874
25890
25900
25924
25946
25954
25960
25968
25986
26004
26016
26018
26024
26050
26054
26068
26096
26098
26114
26140
26142
26158
26190
26194
26252
26260
26288
26304
26306
26320
26340
26374
26376
26392
26418
26422
26442
26446
26458
26468
26472
26500
26522
26536
26538
26544
26574
26610
26636
26638
26716
26718
26730
26738
26746
26784
26792
26814
26826
26834
26842
26852
26882
26950
26972
26980
26982
26990
27008
27016
27018
27048
27076
27080
27096
27102
27104
27106
27126
27152
27158
27160
27176
27178
27184
27204
27212
27224
27240
27260
27268
27274
27282
27364
27368
27376
27384
27394
27402
27404
27412
27440
27458
27462
27474
27494
27510
27520
27534
27554
27558
27580
27598
27618
27656
27698
27720
27750
27752
27760
27800
27824
27832
27860
27862
27880
27898
27914
27918
27922
27942
27968
27988
27994
28006
28022
28030
28034
28060
28088
28110
28178
28200
28204
28212
28220
28238
28264
28268
28290
28300
28314
28386
28408
28430
28438
28454
28456
28502
28510
28534
28546
28552
28560
28562
28564
28566
28588
28616
28650
28652
28664
28686
28690
28714
28736
28740
28742
28772
28782
28798
28824
28844
28858
28862
28876
28906
28916
28924
28930
28968
28974
28980
28984
28998
29024
29028
29046
29048
29060
29078
29084
29086
29088
29094
29102
29106
29120
29130
29158
29164
29174
29182
29226
29232
29254
29256
29268
29280
29290
29328
29330
29334
29336
29352
29362
29382
29392
29398
29408
29410
29418
29420
29438
29456
29464
29500
29510
29516
29526
29538
29554
29564
29572
29574
29586
29588
29592
29598
29608
29618
29650
29658
29664
29668
29670
29678
29700
29708
29722
29734
29744
29748
29768
29770
29790
29832
29842
29850
29858
29884
29888
29906
29914
29920
29924
29934
29950
29978
29988
29996
30038
30042
30058
30084
30086
30094
30100
30112
30114
30118
30136
30154
30168
30176
30180
30192
30198
30210
30212
30236
30238
30240
30246
30248
30262
30264
30346
30356
30374
30400
30414
30428
30432
30434
30436
30478
30488
30496
30498
30506
30532
30544
30560
30590
30608
30614
30634
30654
30672
30714
30722
30724
30730
30740
30750
30762
30770
30778
30802
30804
30816
30846
30860
30878
30888
30904
30914
30928
30940
30946
30968
30974
31022
31048
31058
31062
31064
31074
31100
31104
31126
31146
31172
31190
31198
31202
31216
31226
31228
31242
31252
31272
31280
31282
31284
31290
31298
31302
31306
31320
31354
31362
31388
31406
31426
31432
31478
31494
31504
31506
31512
31516
31530
31536
31544
31558
31562
31570
31584
31598
31630
31642
31650
31674
31676
31696
31698
31724
31784
31800
31810
31814
31822
31828
31832
31856
31858
31874
31886
31910
31972
32000
32010
32020
32036
32084
32088
32090
32098
32108
32120
32128
32138
32144
32146
32154
32174
32178
32188
32198
32200
32218
32242
32264
32270
32286
32304
32326
32342
32354
32362
32380
32394
32396
32406
32430
32486
32488
32498
32504
32516
32532
32560
32570
32584
32596
32598
32602
32606
32616
32660
32674
32696
32706
32738
32742
32760
32778
32784
32812
32850
32862
32872
32876
32898
32918
32928
32946
32948
32952
33000
33006
33008
33038
33062
33082
33096
33098
33106
33144
33152
33154
33190
33204
33208
33236
33240
33262
33272
33296
33318
33332
33342
33344
33358
33366
33368
33378
33424
33426
33444
33492
33502
33514
33532
33570
33576
33584
33600
33620
33654
33664
33672
33676
33690
33704
33712
33714
33758
33772
33780
33786
33828
33830
33854
33856
33882
33888
33894
33916
33934
33944
33962
33980
33982
33992
34018
34032
34034
34036
34072
34080
34090
34096
34122
34146
34154
34168
34182
34204
34218
34222
34232
34244
34252
34254
34262
34278
34286
34330
34340
34352
34370
34374
34456
34458
34482
34484
34496
34510
34512
34514
34520
34532
34546
34554
34568
34582
34584
34586
34594
34626
34632
34638
34672
34682
34684
34690
34692
34710
34762
34766
34772
34774
34792
34802
34818
34826
34852
34872
34890
34898
34900
34902
34926
34928
34942
34950
34972
34974
34982
35042
35058
35062
35072
35080
35082
35116
35124
35132
35168
35180
35206
35208
35214
35238
35258
35276
35298
35324
35328
35342
35346
35368
35384
35394
35396
35410
35414
35428
35430
35440
35458
35504
35508
35518
35520
35530
35536
35562
35592
35594
35598
35608
35620
35630
35636
35648
35652
35662
35670
35690
35716
35744
35756
35762
35770
35788
35800
35802
35808
35826
35838
35846
35860
35918
35940
35950
35952
35978
35996
36016
36018
36034
36040
36054
36070
36072
36090
36098
36106
36114
36132
36168
36186
36196
36228
36230
36256
36282
36284
36294
36320
36342
36346
36358
36366
36368
36382
36438
36458
36464
36490
36530
36554
36556
36564
36576
36598
36600
36618
36626
36664
36670
36680
36690
36698
36700
36720
36736
36738
36768
36778
36792
36806
36816
36824
36836
36840
36880
36898
36904
36922
36926
36976
37050
37086
37106
37130
37152
37160
37210
37224
37246
37264
37292
37310
37344
37348
37354
37362
37376
37380
37408
37420
37422
37454
37456
37480
37510
37516
37520
37524
37536
37544
37552
37554
37560
37580
37610
37642
37650
37656
37674
37704
37706
37724
37732
37762
37770
37772
37776
37782
37786
37798
37840
37858
37868
37894
37924
37948
37970
37984
37988
37996
38004
38012
38016
38022
38030
38046
38048
38064
38074
38082
38118
38120
38146
38150
38204
38222
38230
38248
38276
38292
38300
38312
38336
38374
38376
38400
38430
38434
38444
38470
38472
38474
38482
38496
38510
38568
38578
38586
38590
38622
38624
38634
38660
38662
38668
38672
38678
38680
38694
38696
38698
38706
38718
38732
38752
38766
38770
38778
38820
38822
38826
38842
38860
38862
38906
38932
38934
38956
38964
38976
38992
39002
39004
39012
39038
39058
39068
39082
39090
39092
39104
39112
39148
39198
39220
39234
39236
39270
39288
39292
39294
39298
39306
39328
39330
39338
39344
39346
39364
39374
39398
39418
39426
39442
39472
39480
39482
39514
39528
39540
39550
39554
39648
39668
39688
39704
39738
39766
39796
39798
39806
39814
39820
39840
39870
39874
39888
39892
39896
39910
39922
39936
39954
39956
39966
39974
39976
40004
40008
40028
40030
40040
40058
40098
40102
40104
40146
40148
40172
40174
40212
40216
40228
40234
40278
40288
40292
40336
40342
40350
40354
40368
40372
40390
40404
40406
40408
40464
40490
40498
40512
40526
40568
40588
40616
40622
40624
40644
40648
40652
40676
40688
40698
40748
40776
40794
40804
40824
40830
40840
40850
40854
40876
40882
40884
40896
40910
40940
40962
40966
40984
41018
41020
41034
41038
41044
41084
41106
41124
41144
41170
41216
41228
41246
41260
41282
41288
41296
41300
41306
41308
41324
41354
41376
41386
41400
41422
41434
41444
41454
41488
41512
41520
41524
41558
41566
41568
41584
41614
41632
41678
41684
41686
41688
41692
41696
41702
41710
41730
41736
41756
41768
41794
41818
41862
41926
41936
41946
41962
41972
41982
42018
42034
42044
42070
42092
42124
42128
42136
42138
42172
42200
42216
42226
42286
42294
42314
42326
42332
42334
42344
42352
42358
42366
42368
42370
42404
42426
42430
42434
42452
42468
42476
42488
42522
42524
42538
42550
42556
42570
42592
42602
42612
42620
42642
42646
42686
42784
42790
42798
42816
42848
42852
42854
42874
42880
42916
42918
42930
42944
42956
42970
42978
42988
42998
43028
43032
43034
43046
43062
43064
43082
43086
43098
43106
43114
43144
43150
43152
43154
43178
43180
43196
43204
43218
43232
43250
43272
43280
43290
43298
43326
43348
43360
43370
43394
43396
43414
43428
43430
43456
43484
43486
43506
43510
43518
43522
43532
43600
43608
43628
43656
43658
43674
43700
43726
43734
43738
43748
43790
43792
43808
43816
43820
43826
43828
43838
43848
43860
43874
43918
43946
43952
43964
43970
44034
44044
44064
44088
44100
44106
44108
44114
44116
44132
44160
44162
44188
44256
44286
44298
44310
44330
44348
44350
44356
44382
44420
44438
44446
44464
44520
44530
44572
44576
44610
44628
44634
44636
44654
44656
44658
44670
44674
44706
44724
44734
44752
44766
44782
44788
44798
44818
44860
44868
44870
44914
44932
44958
44968
45004
45014
45016
45052
45058
45088
45096
45112
45114
45120
45122
45134
45138
45142
45170
45192
45204
45206
45222
45224
45232
45258
45264
45312
45320
45322
45328
45336
45358
45376
45382
45430
45432
45454
45458
45502
45504
45510
45520
45546
45552
45562
45580
45588
45598
45616
45644
45646
45648
45670
45680
45688
45698
45706
45720
45726
45744
45762
45778
45798
45826
45842
45854
45870
45904
45968
45978
45980
46004
46030
46060
46070
46074
46080
46084
46088
46096
46102
46104
46114
46134
46142
46158
46166
46176
46202
46206
46246
46274
46278
46300
46308
46330
46344
46364
46368
46374
46404
46408
46412
46416
46448
46470
46488
46492
46500
46538
46560
46580
46590
46602
46628
46638
46662
46682
46688
46704
46722
46736
46800
46850
46852
46854
46868
46870
46878
46958
46980
47046
47060
47074
47088
47106
47112
47114
47118
47138
47154
47166
47176
47184
47226
47228
47250
47254
47280
47302
47308
47318
47358
47384
47398
47402
47406
47408
47434
47444
47448
47464
47474
47478
47482
47506
47520
47536
47546
47560
47570
47600
47606
47622
47624
47634
47672
47714
47734
47752
47778
47788
47808
47816
47842
47884
47892
47928
47956
47970
47984
47996
48010
48020
48022
48040
48064
48076
48082
48090
48100
48104
48130
48146
48150
48162
48218
48258
48272
48274
48290
48366
48378
48400
48428
48438
48442
48446
48456
48472
48498
48572
48580
48600
48618
48626
48640
48644
48650
48690
48702
48704
48714
48730
48748
48750
48758
48776
48796
48812
48838
48848
48856
48858
48864
48874
48884
48918
48922
48930
48936
48964
48984
48986
48990
49000
49008
49010
49012
49022
49028
49040
49046
49108
49130
49134
49146
49210
49242
49254
49256
49280
49300
49316
49328
49336
49352
49374
49386
49390
49414
49416
49434
49462
49464
49508
49522
49524
49530
49576
49594
49606
49620
49626
49650
49658
49678
49686
49696
49710
49748
49774
49800
49810
49828
49868
49872
49896
49900
49910
49926
49938
49944
49992
50000
50016
50018
50062
50074
50088
50092
50118
50126
50130
50134
50156
50188
50238
50260
50272
50296
50336
50342
50354
50370
50372
50408
50442
50470
50498
50502
50504
50538
50558
50562
50578
50594
50622
50638
50648
50694
50702
50710
50732
50778
50818
50822
50828
50830
50832
50836
50838
50840
50876
50884
50894
50898
50910
50926
50944
50974
50980
50990
50994
51016
51028
51044
51070
51088
51090
51100
51116
51136
51146
51152
51172
51174
51208
51232
51252
51262
51272
51330
51332
51350
51358
51394
51432
51434
51438
51440
51460
51478
51484
51488
51534
51538
51542
51576
51578
51594
51600
51602
51604
51630
51692
51694
51704
51754
51766
51776
51784
51808
51818
51820
51838
51854
51856
51864
51908
51912
51934
51938
51960
51972
52008
52020
52028
52056
52062
52070
52090
52096
52136
52144
52194
52198
52216
52222
52234
52258
52260
52302
52306
52366
52374
52446
52474
52510
52520
52554
52626
52644
52654
52664
52676
52710
52720
52726
52730
52738
52770
52772
52798
52808
52818
52824
52844
52848
52864
52878
52888
52928
52960
52962
52974
52982
52988
53006
53014
53032
53054
53072
53078
53080
53098
53116
53118
53168
53188
53216
53278
53294
53302
53330
53356
53360
53364
53402
53424
53428
53454
53468
53476
53500
53508
53514
53544
53548
53558
53562
53604
53616
53618
53620
53622
53644
53654
53694
53698
53710
53744
53746
53748
53756
53766
53782
53798
53818
53826
53832
53844
53890
53896
53900
53906
53908
53914
53944
53970
53982
53990
54000
54018
54022
54054
54086
54104
54112
54134
54140
54152
54158
54178
54196
54238
54314
54332
54338
54340
54360
54364
54390
54402
54404
54422
54426
54436
54448
54474
54504
54528
54548
54572
54576
54584
54592
54594
54610
54616
54618
54624
54638
54646
54652
54678
54680
54698
54714
54750
54762
54788
54810
54832
54844
54846
54854
54862
54864
54904
54918
54952
54954
54958
54968
54984
54990
55004
55006
55040
55052
55058
55078
55094
55096
55122
55130
55138
55146
55150
55170
55184
55188
55192
55204
55214
55228
55230
55248
55250
55312
55314
55320
55332
55336
55340
55444
55448
55458
55488
55516
55526
55534
55542
55544
55546
55556
55590
55608
55616
55624
55642
55650
55660
55706
55724
55732
55760
55780
55790
55798
55804
55830
55834
55872
55908
55916
55930
55976
55978
56002
56042
56064
56068
56074
56094
56102
56110
56136
56138
56142
56184
56192
56218
56222
56238
56272
56276
56344
56346
56362
56374
56392
56398
56410
56418
56420
56434
56444
56454
56472
56488
56498
56528
56536
56542
56560
56590
56626
56632
56642
56672
56696
56704
56724
56732
56734
56760
56794
56826
56852
56860
56874
56876
56878
56896
56902
56922
56930
56952
56964
56966
56970
57056
57110
57130
57148
57164
57172
57198
57204
57218
57238
57246
57308
57312
57330
57336
57344
57364
57374
57416
57418
57444
57454
57470
57480
57528
57540
57544
57550
57558
57568
57570
57624
57648
57658
57670
57686
57702
57704
57712
57722
57724
57748
57750
57784
57806
57814
57816
57840
57842
57850
57856
57868
57884
57904
57954
57956
57958
57966
57984
57992
58004
58026
58040
58072
58082
58094
58112
58174
58198
58264
58274
58278
58280
58292
58298
58306
58316
58320
58346
58372
58388
58390
58396
58422
58440
58442
58452
58478
58494
58508
58514
58534
58568
58576
58584
58604
58622
58630
58642
58648
58662
58688
58692
58696
58698
58712
58728
58752
58768
58774
58786
58838
58848
58868
58872
58890
58936
58946
58954
58958
58984
59010
59026
59044
59054
59056
59064
59074
59082
59144
59160
59164
59202
59238
59260
59262
59264
59272
59314
59324
59350
59358
59362
59368
59370
59398
59400
59408
59416
59426
59444
59462
59476
59494
59498
59506
59520
59538
59548
59566
59576
59584
59592
59602
59604
59606
59612
59648
59668
59674
59696
59702
59714
59720
59730
59758
59778
59826
59862
59864
59872
59884
59886
59920
59958
170576*28^n-143
12243
12245
12259
12261
12293
12295
12299
12303
12307
12331
12335
12339
12355
12361
12379
12383
12385
12393
12399
12407
12425
12453
12465
12479
12491
12495
12501
12529
12549
12563
12595
12599
12613
12623
12637
12643
12669
12705
12727
12739
12771
12779
12783
12815
12817
12819
12821
12841
12849
12853
12877
12879
12883
12895
12903
12905
12959
12979
12991
12999
13023
13027
13031
13035
13037
13059
13083
13087
13089
13093
13129
13139
13173
13183
13185
13193
13213
13237
13239
13243
13245
13289
13303
13321
13335
13341
13357
13363
13399
13405
13411
13429
13431
13453
13469
13473
13483
13487
13519
13539
13573
13589
13599
13613
13645
13653
13739
13749
13755
13757
13761
13769
13789
13803
13823
13825
13831
13841
13875
13895
13897
13901
13937
13939
13953
13955
13983
13989
13995
14019
14049
14063
14081
14083
14093
14129
14149
14153
14183
14207
14263
14311
14315
14319
14325
14331
14353
14363
14365
14379
14385
14387
14407
14409
14435
14437
14439
14443
14445
14453
14471
14479
14493
14503
14511
14525
14535
14569
14575
14579
14581
14597
14599
14611
14643
14647
14659
14669
14673
14707
14739
14749
14751
14763
14765
14773
14775
14779
14799
14813
14849
14855
14863
14869
14885
14889
14893
14917
14921
14927
14953
14957
14963
14977
14989
15003
15007
15011
15019
15029
15049
15053
15079
15099
15111
15115
15127
15157
15165
15183
15189
15195
15199
15211
15231
15241
15255
15285
15287
15291
15295
15305
15317
15319
15369
15377
15393
15395
15399
15413
15421
15427
15435
15443
15463
15499
15501
15505
15519
15551
15571
15591
15645
15655
15663
15683
15693
15699
15713
15715
15719
15749
15759
15787
15791
15799
15803
15831
15843
15845
15859
15861
15863
15889
15943
15991
16001
16005
16035
16041
16051
16055
16081
16083
16087
16111
16113
16119
16123
16131
16135
16143
16151
16159
16163
16179
16187
16201
16213
16215
16221
16243
16255
16269
16271
16285
16291
16299
16303
16321
16329
16343
16367
16387
16397
16413
16453
16457
16465
16479
16485
16503
16511
16513
16531
16539
16555
16561
16563
16573
16581
16593
16623
16629
16635
16639
16649
16663
16669
16671
16681
16705
16717
16719
16765
16779
16783
16799
16807
16865
16885
16891
16909
16919
16935
16937
16951
16955
16957
16959
16963
16969
16975
16981
17025
17031
17035
17051
17053
17063
17073
17077
17085
17109
17119
17125
17131
17149
17169
17171
17175
17181
17185
17195
17203
17211
17249
17259
17263
17271
17301
17315
17317
17319
17321
17335
17339
17343
17349
17351
17357
17359
17377
17379
17393
17395
17413
17423
17425
17429
17459
17461
17467
17469
17479
17499
17513
17527
17531
17535
17549
17563
17599
17611
17619
17621
17639
17663
17665
17673
17707
17713
17717
17725
17729
17737
17751
17771
17779
17783
17793
17803
17809
17815
17843
17863
17883
17923
17925
17935
17941
17943
17949
17955
18001
18019
18059
18077
18085
18095
18103
18109
18111
18113
18139
18153
18187
18189
18195
18239
18241
18257
18259
18277
18283
18303
18305
18307
18311
18343
18359
18375
18379
18383
18405
18409
18413
18419
18421
18423
18427
18431
18441
18451
18463
18473
18485
18495
18503
18505
18513
18557
18563
18565
18601
18629
18645
18701
18703
18719
18737
18741
18763
18799
18819
18845
18849
18853
18855
18859
18871
18881
18883
18903
18923
18979
18997
18999
19021
19043
19049
19053
19059
19075
19085
19115
19121
19135
19153
19175
19177
19179
19201
19223
19241
19249
19261
19275
19277
19309
19323
19327
19365
19373
19389
19393
19409
19447
19459
19463
19471
19473
19477
19493
19503
19511
19517
19519
19543
19555
19563
19567
19573
19593
19605
19619
19621
19625
19645
19659
19669
19687
19701
19713
19745
19781
19783
19785
19791
19839
19849
19871
19899
19903
19909
19949
19953
19959
19963
19971
19975
20017
20023
20029
20039
20055
20093
20105
20111
20131
20191
20195
20201
20213
20223
20253
20265
20269
20293
20329
20331
20343
20357
20361
20363
20373
20379
20403
20429
20445
20453
20489
20493
20497
20499
20521
20539
20551
20561
20591
20593
20595
20613
20619
20625
20649
20655
20659
20681
20707
20717
20731
20745
20759
20769
20771
20779
20789
20797
20803
20805
20815
20823
20849
20859
20875
20899
20905
20919
20939
20959
20969
20983
21007
21025
21031
21037
21039
21051
21067
21075
21097
21123
21129
21137
21155
21163
21165
21169
21181
21185
21193
21199
21223
21227
21243
21247
21253
21261
21275
21293
21301
21311
21315
21319
21345
21349
21363
21383
21389
21407
21423
21427
21435
21457
21463
21495
21511
21519
21531
21547
21559
21577
21591
21609
21613
21619
21671
21693
21715
21725
21731
21743
21745
21761
21793
21797
21805
21821
21847
21851
21871
21873
21903
21905
21929
21939
21955
21969
21979
21983
21991
21995
22001
22005
22013
22039
22057
22059
22065
22071
22093
22109
22117
22123
22127
22129
22135
22157
22193
22199
22211
22213
22215
22217
22301
22303
22309
22323
22327
22335
22343
22345
22357
22375
22389
22409
22443
22451
22459
22463
22479
22501
22537
22545
22549
22555
22575
22577
22593
22613
22621
22627
22675
22693
22701
22705
22711
22715
22729
22755
22775
22789
22791
22803
22831
22865
22883
22903
22919
22921
22939
22965
22975
22987
23027
23055
23071
23137
23139
23145
23149
23151
23169
23173
23175
23183
23199
23243
23251
23253
23255
23261
23269
23279
23319
23323
23331
23359
23377
23395
23405
23415
23445
23461
23463
23475
23511
23527
23535
23569
23579
23583
23585
23587
23605
23613
23619
23629
23677
23685
23689
23763
23779
23795
23815
23819
23849
23853
23889
23921
23923
23927
23935
23939
23943
23949
23963
23965
23981
24009
24015
24019
24029
24037
24045
24049
24079
24093
24155
24173
24175
24215
24225
24229
24255
24263
24271
24279
24283
24285
24287
24303
24305
24319
24321
24331
24367
24371
24385
24389
24395
24405
24429
24445
24451
24459
24499
24511
24541
24553
24557
24565
24575
24595
24623
24629
24645
24647
24655
24661
24663
24685
24693
24705
24709
24719
24727
24751
24759
24763
24771
24819
24823
24829
24839
24847
24863
24875
24877
24881
24895
24899
24903
24917
24929
24937
24955
24963
24973
24997
25005
25023
25027
25039
25043
25069
25073
25087
25089
25097
25117
25123
25129
25143
25147
25151
25171
25187
25203
25207
25239
25269
25277
25323
25335
25363
25381
25393
25419
25423
25439
25441
25537
25539
25543
25549
25559
25581
25585
25631
25635
25653
25663
25669
25673
25687
25695
25705
25709
25755
25757
25771
25809
25811
25813
25819
25835
25865
25867
25869
25879
25899
25907
25915
25919
25929
25939
25959
25963
25969
25973
25987
25997
26005
26029
26031
26047
26051
26063
26065
26069
26071
26089
26115
26125
26131
26171
26173
26179
26191
26197
26199
26205
26209
26213
26223
26231
26245
26249
26257
26263
26271
26275
26283
26295
26317
26319
26343
26357
26377
26401
26409
26411
26413
26419
26441
26447
26451
26467
26469
26491
26495
26503
26505
26513
26541
26551
26565
26581
26591
26593
26603
26623
26643
26699
26735
26737
26753
26765
26775
26803
26819
26825
26827
26837
26843
26887
26889
26893
26895
26897
26913
26917
26943
26953
26955
26973
27009
27013
27061
27095
27099
27123
27125
27157
27199
27217
27253
27259
27283
27293
27307
27313
27315
27323
27341
27391
27421
27439
27457
27465
27469
27471
27473
27485
27493
27523
27525
27527
27535
27539
27579
27589
27601
27607
27625
27631
27643
27649
27703
27723
27725
27745
27783
27809
27847
27855
27873
27881
27883
27891
27899
27901
27913
27921
27923
27937
27953
27969
28009
28021
28045
28049
28065
28069
28087
28095
28097
28105
28111
28151
28171
28173
28205
28219
28241
28247
28261
28263
28267
28283
28299
28305
28319
28323
28331
28339
28349
28359
28365
28371
28373
28375
28383
28399
28403
28419
28463
28465
28477
28479
28511
28525
28555
28563
28571
28589
28597
28619
28623
28625
28627
28637
28657
28689
28691
28695
28709
28713
28715
28717
28723
28731
28735
28745
28749
28751
28753
28765
28769
28773
28779
28787
28823
28835
28837
28839
28843
28853
28855
28861
28863
28871
28879
28903
28913
28923
28927
28963
28975
28989
28993
28997
29021
29043
29057
29073
29109
29115
29119
29129
29149
29151
29161
29185
29195
29199
29213
29221
29231
29237
29255
29263
29265
29287
29303
29317
29319
29341
29343
29345
29359
29363
29383
29415
29435
29453
29483
29509
29521
29569
29573
29579
29583
29591
29597
29631
29651
29663
29669
29701
29703
29715
29717
29731
29763
29781
29789
29827
29831
29871
29887
29905
29935
29939
29949
29959
29969
29971
29979
29983
30005
30013
30029
30045
30075
30079
30095
30103
30131
30173
30189
30193
30205
30219
30245
30263
30273
30307
30331
30337
30351
30371
30403
30409
30429
30437
30439
30443
30445
30461
30475
30491
30515
30519
30525
30535
30551
30563
30573
30599
30603
30609
30613
30639
30659
30663
30671
30691
30705
30709
30723
30725
30727
30753
30775
30781
30783
30787
30793
30799
30835
30851
30883
30885
30893
30895
30911
30919
30923
30929
30939
30959
31013
31055
31059
31075
31085
31087
31095
31103
31127
31143
31177
31179
31209
31235
31237
31245
31261
31301
31319
31327
31339
31389
31397
31399
31401
31405
31411
31413
31429
31453
31471
31479
31489
31499
31505
31507
31521
31523
31567
31575
31591
31595
31597
31613
31623
31663
31669
31681
31683
31693
31703
31713
31715
31719
31721
31723
31739
31741
31747
31751
31755
31783
31803
31807
31823
31829
31839
31845
31875
31877
31879
31881
31885
31919
31951
31955
31971
31999
32003
32017
32021
32027
32039
32047
32049
32059
32075
32083
32095
32099
32165
32169
32171
32209
32225
32251
32259
32273
32279
32289
32295
32299
32319
32323
32365
32381
32387
32399
32403
32417
32423
32425
32435
32445
32467
32475
32491
32495
32497
32523
32543
32549
32563
32579
32603
32619
32623
32625
32649
32671
32689
32693
32705
32719
32749
32773
32795
32801
32841
32853
32895
32911
32913
32917
32927
32931
32963
32977
33013
33015
33035
33043
33055
33061
33067
33085
33093
33107
33125
33129
33139
33143
33153
33155
33183
33205
33213
33215
33285
33319
33335
33353
33359
33363
33377
33381
33385
33393
33395
33463
33469
33475
33485
33487
33499
33517
33525
33539
33541
33557
33595
33607
33609
33623
33643
33667
33679
33693
33695
33719
33723
33727
33729
33749
33775
33803
33819
33821
33831
33857
33859
33873
33875
33877
33879
33919
33939
33943
33985
33991
34007
34015
34019
34023
34027
34035
34055
34057
34083
34111
34117
34119
34131
34163
34181
34235
34239
34255
34259
34261
34267
34275
34293
34299
34309
34313
34321
34351
34357
34367
34389
34397
34411
34413
34421
34435
34451
34477
34485
34509
34513
34525
34547
34549
34551
34555
34561
34567
34599
34609
34619
34641
34653
34655
34659
34663
34699
34709
34735
34755
34773
34779
34783
34793
34803
34813
34819
34829
34839
34843
34865
34869
34875
34885
34889
34903
34911
34935
34943
34951
34957
34991
35009
35051
35085
35105
35115
35117
35135
35143
35145
35149
35155
35163
35223
35235
35243
35249
35251
35261
35263
35267
35285
35317
35357
35365
35369
35393
35403
35431
35439
35469
35483
35485
35537
35539
35541
35557
35569
35581
35583
35591
35605
35611
35619
35623
35625
35647
35655
35663
35679
35699
35703
35745
35805
35811
35815
35819
35827
35839
35843
35857
35869
35889
35915
35917
35931
35945
35947
35953
35977
35979
35985
35987
35989
35995
35999
36005
36007
36021
36031
36049
36059
36063
36095
36103
36127
36131
36161
36171
36203
36215
36243
36251
36283
36289
36291
36319
36323
36325
36337
36343
36351
36355
36365
36373
36381
36403
36405
36457
36463
36487
36511
36523
36529
36547
36553
36573
36581
36583
36599
36619
36629
36635
36669
36671
36673
36691
36721
36743
36745
36753
36757
36773
36775
36787
36795
36797
36799
36801
36813
36835
36847
36863
36887
36905
36915
36975
36999
37009
37061
37069
37103
37115
37117
37121
37157
37175
37183
37191
37203
37205
37215
37251
37265
37281
37303
37321
37329
37331
37363
37383
37389
37391
37405
37413
37421
37425
37427
37439
37471
37485
37499
37507
37539
37573
37585
37589
37599
37603
37605
37627
37629
37639
37653
37659
37665
37695
37701
37719
37723
37741
37743
37747
37759
37763
37771
37779
37809
37821
37841
37853
37863
37873
37877
37895
37911
37915
37943
37951
37957
37965
37967
37969
37971
37993
37997
38001
38017
38019
38043
38055
38059
38061
38077
38089
38095
38139
38141
38161
38165
38179
38185
38231
38249
38257
38263
38293
38325
38327
38331
38355
38359
38363
38401
38411
38413
38417
38419
38455
38461
38467
38479
38497
38507
38515
38519
38537
38539
38559
38565
38579
38587
38593
38635
38647
38653
38665
38671
38683
38707
38717
38719
38755
38761
38767
38771
38773
38789
38791
38823
38825
38843
38845
38859
38867
38871
38893
38899
38901
38913
38957
38971
38979
39015
39029
39047
39049
39063
39075
39095
39099
39105
39109
39135
39139
39145
39149
39151
39153
39169
39175
39187
39211
39239
39241
39243
39245
39261
39263
39279
39281
39295
39299
39309
39343
39363
39399
39409
39435
39437
39451
39475
39529
39543
39563
39595
39601
39603
39607
39613
39637
39639
39643
39655
39661
39715
39757
39759
39767
39775
39803
39805
39811
39813
39823
39825
39839
39945
39951
39959
39963
39965
39967
39973
39977
40009
40039
40055
40071
40075
40083
40085
40109
40123
40125
40141
40149
40163
40189
40195
40225
40229
40265
40273
40283
40291
40307
40309
40311
40343
40351
40353
40357
40369
40393
40397
40415
40425
40455
40481
40483
40489
40509
40517
40519
40541
40561
40571
40581
40589
40593
40595
40625
40627
40635
40651
40661
40679
40687
40695
40699
40719
40723
40751
40789
40829
40839
40855
40863
40905
40923
40955
40959
40963
40975
40981
40987
40991
41003
41013
41023
41043
41065
41089
41103
41129
41135
41155
41167
41169
41173
41175
41185
41201
41227
41253
41261
41289
41293
41295
41299
41313
41315
41317
41323
41329
41343
41349
41363
41365
41383
41399
41459
41463
41467
41499
41503
41513
41525
41527
41531
41539
41549
41553
41563
41583
41587
41595
41597
41605
41615
41617
41629
41643
41649
41665
41677
41701
41739
41743
41783
41793
41801
41827
41837
41839
41857
41865
41889
41921
41927
41947
41953
41955
41957
41965
41973
41975
41979
41981
41993
42011
42015
42031
42085
42089
42097
42135
42153
42165
42175
42179
42183
42199
42209
42217
42241
42279
42283
42301
42319
42321
42339
42345
42367
42371
42377
42391
42403
42411
42451
42467
42487
42497
42503
42515
42525
42535
42547
42551
42559
42579
42589
42605
42613
42641
42659
42675
42695
42699
42703
42709
42759
42763
42773
42789
42805
42811
42829
42863
42865
42881
42945
42951
42961
42967
42993
43003
43005
43009
43015
43029
43061
43063
43073
43083
43093
43123
43159
43165
43179
43181
43199
43207
43209
43215
43219
43221
43253
43269
43303
43357
43367
43381
43395
43397
43403
43413
43421
43439
43443
43451
43457
43461
43465
43479
43495
43511
43519
43551
43569
43579
43619
43653
43659
43669
43683
43685
43709
43713
43717
43721
43799
43807
43817
43819
43829
43835
43861
43863
43873
43883
43903
43975
43991
43995
43999
44017
44019
44041
44043
44047
44059
44065
44073
44081
44099
44107
44125
44169
44175
44197
44211
44221
44227
44229
44231
44251
44253
44275
44279
44315
44325
44335
44369
44373
44401
44415
44443
44461
44463
44465
44479
44481
44503
44513
44515
44541
44545
44583
44585
44611
44621
44631
44635
44643
44647
44675
44677
44681
44685
44737
44739
44755
44775
44797
44799
44805
44809
44827
44839
44841
44843
44919
44929
44979
44989
44991
45003
45013
45021
45023
45041
45053
45055
45071
45103
45121
45129
45143
45163
45171
45175
45219
45223
45229
45269
45285
45309
45311
45331
45363
45367
45373
45381
45383
45391
45397
45399
45409
45427
45449
45459
45469
45487
45511
45519
45525
45549
45553
45565
45573
45585
45599
45603
45611
45621
45635
45639
45645
45649
45653
45655
45663
45671
45685
45751
45793
45809
45813
45815
45831
45843
45845
45853
45877
45879
45885
45937
45941
45949
45959
45961
45979
46015
46053
46067
46081
46095
46099
46117
46125
46129
46151
46165
46183
46191
46193
46195
46205
46211
46223
46237
46239
46241
46245
46251
46281
46285
46321
46323
46349
46351
46359
46365
46383
46403
46417
46441
46447
46473
46475
46485
46493
46515
46519
46531
46543
46571
46579
46601
46627
46653
46689
46693
46697
46725
46731
46741
46747
46769
46787
46789
46799
46803
46823
46835
46837
46843
46869
46915
46923
46929
46943
46949
46963
46985
46997
47005
47011
47021
47023
47047
47051
47071
47075
47107
47125
47131
47141
47175
47179
47195
47219
47241
47253
47255
47291
47293
47299
47317
47329
47339
47349
47357
47371
47419
47421
47439
47467
47469
47473
47475
47489
47501
47505
47525
47575
47579
47589
47591
47617
47629
47643
47645
47663
47665
47679
47681
47703
47715
47717
47735
47753
47759
47789
47791
47823
47835
47843
47851
47861
47863
47871
47885
47905
47913
47921
47971
47975
47979
47985
47995
48007
48011
48023
48049
48059
48069
48079
48097
48113
48127
48169
48171
48173
48183
48191
48211
48213
48223
48259
48261
48303
48307
48329
48335
48343
48349
48379
48383
48401
48407
48437
48455
48459
48461
48469
48481
48491
48499
48501
48509
48513
48517
48519
48523
48525
48535
48553
48559
48585
48625
48639
48645
48667
48685
48713
48715
48725
48731
48735
48751
48759
48763
48765
48801
48813
48829
48849
48851
48853
48871
48873
48875
48883
48895
48929
48951
48963
48995
48997
49027
49031
49039
49069
49087
49109
49129
49173
49185
49189
49199
49207
49213
49219
49231
49245
49251
49253
49269
49271
49275
49299
49315
49339
49353
49357
49375
49391
49395
49399
49463
49469
49501
49549
49573
49589
49595
49613
49629
49635
49643
49645
49649
49669
49687
49703
49711
49777
49805
49815
49855
49859
49869
49879
49897
49901
49903
49937
49939
49941
49953
49969
49971
50003
50019
50025
50029
50043
50049
50053
50063
50071
50075
50079
50089
50099
50107
50119
50139
50151
50165
50203
50225
50229
50235
50255
50257
50259
50273
50275
50289
50299
50305
50313
50319
50343
50347
50359
50373
50415
50417
50435
50437
50443
50473
50479
50481
50485
50515
50531
50539
50575
50579
50581
50589
50603
50615
50619
50643
50651
50659
50707
50763
50769
50773
50779
50783
50785
50795
50801
50813
50815
50827
50829
50859
50863
50885
50893
50899
50911
50925
50927
50941
50959
50963
50977
50981
50995
51003
51009
51013
51025
51067
51083
51115
51121
51127
51153
51163
51173
51187
51189
51199
51209
51255
51265
51271
51277
51287
51299
51305
51349
51371
51399
51415
51423
51453
51457
51465
51501
51523
51529
51535
51539
51569
51573
51585
51601
51607
51639
51693
51701
51757
51759
51765
51773
51795
51817
51819
51823
51825
51841
51873
51893
51903
51935
51945
51975
51979
51999
52007
52045
52051
52115
52131
52155
52163
52165
52179
52187
52189
52199
52219
52239
52243
52261
52315
52321
52335
52383
52395
52399
52401
52403
52411
52447
52453
52459
52469
52475
52489
52495
52513
52525
52549
52573
52593
52595
52605
52623
52627
52629
52651
52675
52717
52719
52739
52741
52743
52775
52783
52811
52883
52885
52901
52929
52943
52965
52973
52989
52993
52995
53013
53019
53035
53053
53069
53077
53101
53141
53143
53179
53189
53199
53203
53225
53229
53231
53239
53261
53263
53265
53267
53283
53285
53289
53297
53301
53321
53343
53347
53349
53353
53361
53375
53379
53413
53419
53431
53461
53475
53483
53499
53503
53587
53603
53639
53663
53679
53683
53685
53701
53709
53729
53739
53743
53763
53765
53797
53803
53805
53809
53811
53823
53837
53839
53851
53855
53865
53875
53895
53897
53915
53935
53941
53943
53953
53963
53965
53981
54019
54037
54059
54061
54071
54077
54079
54089
54091
54103
54109
54113
54121
54125
54151
54161
54189
54193
54219
54243
54255
54271
54275
54277
54291
54303
54309
54313
54315
54341
54347
54359
54363
54369
54373
54377
54399
54403
54449
54465
54473
54475
54491
54543
54557
54565
54575
54603
54607
54621
54625
54637
54651
54669
54693
54697
54705
54709
54715
54727
54751
54755
54759
54765
54775
54783
54791
54793
54797
54799
54815
54817
54847
54895
54903
54943
54959
54971
54977
54981
54999
55009
55011
55025
55035
55043
55057
55059
55085
55103
55125
55135
55139
55159
55179
55183
55191
55223
55237
55241
55245
55251
55261
55277
55281
55297
55299
55303
55309
55315
55319
55331
55335
55339
55345
55349
55391
55393
55405
55483
55499
55503
55507
55517
55525
55535
55549
55561
55615
55639
55655
55675
55699
55719
55735
55741
55771
55783
55819
55821
55831
55835
55853
55855
55859
55873
55881
55885
55893
55911
55939
55943
55945
55951
55959
55971
55975
55997
56003
56015
56017
56029
56059
56061
56083
56085
56091
56103
56113
56119
56163
56167
56181
56197
56209
56231
56275
56283
56293
56295
56317
56321
56323
56339
56347
56379
56399
56403
56429
56437
56449
56461
56469
56543
56553
56563
56575
56591
56595
56609
56613
56629
56649
56651
56659
56671
56703
56721
56779
56799
56815
56835
56851
56869
56875
56883
56923
56925
56975
56989
56995
57023
57103
57119
57131
57149
57157
57195
57203
57219
57221
57227
57257
57271
57279
57283
57289
57299
57301
57319
57345
57351
57363
57371
57373
57405
57423
57445
57461
57499
57511
57519
57523
57551
57571
57583
57609
57615
57619
57631
57637
57655
57679
57695
57749
57763
57767
57795
57797
57801
57819
57823
57835
57851
57865
57873
57879
57903
57931
57951
57955
57963
57981
57997
58035
58037
58057
58065
58099
58113
58119
58139
58153
58159
58161
58175
58185
58195
58203
58215
58219
58243
58261
58279
58285
58291
58319
58327
58335
58343
58355
58363
58443
58445
58449
58453
58477
58479
58495
58501
58507
58509
58531
58537
58559
58569
58625
58639
58663
58665
58671
58685
58729
58741
58743
58747
58749
58751
58769
58789
58869
58879
58883
58885
58901
58921
58927
58931
58963
59003
59027
59031
59045
59049
59061
59073
59077
59095
59099
59111
59119
59137
59173
59183
59215
59235
59243
59261
59293
59299
59305
59311
59313
59317
59351
59403
59405
59419
59423
59435
59437
59439
59459
59461
59489
59503
59505
59523
59527
59529
59561
59563
59565
59593
59595
59597
59611
59635
59643
59647
59665
59685
59691
59707
59723
59747
59751
59759
59791
59805
59821
59829
59853
59855
59859
59863
59871
59917
59919
59925
59927
59949
59955
59971
59983
