pmin=237308796013
17576*13^n+183
12752
12755
12762
12763
12769
12773
12783
12790
12801
12804
12823
12828
12843
12850
12860
12865
12869
12872
12892
12902
12919
12921
12928
12938
12944
12949
12966
12968
12980
12981
12991
13005
13007
13008
13027
13036
13047
13051
13056
13090
13103
13116
13126
13138
13141
13142
13143
13147
13149
13151
13165
13178
13181
13194
13200
13204
13227
13231
13237
13241
13252
13269
13270
13275
13283
13285
13291
13292
13305
13306
13310
13320
13327
13329
13331
13338
13342
13345
13363
13382
13386
13390
13402
13403
13404
13407
13418
13432
13435
13441
13443
13444
13446
13453
13455
13473
13481
13494
13498
13508
13511
13537
13538
13539
13548
13550
13551
13555
13565
13573
13583
13585
13593
13600
13606
13622
13626
13632
13633
13634
13636
13643
13645
13673
13682
13697
13701
13707
13708
13711
13716
13717
13720
13722
13750
13751
13752
13763
13777
13783
13803
13812
13821
13830
13832
13837
13875
13882
13884
13888
13896
13897
13898
13924
13928
13939
13941
13947
13952
13953
13957
13959
13967
13973
13975
13977
14000
14015
14022
14032
14034
14035
14039
14042
14044
14047
14048
14052
14055
14060
14072
14077
14079
14124
14134
14138
14139
14142
14163
14169
14176
14183
14203
14204
14215
14218
14252
14264
14271
14272
14283
14288
14293
14295
14299
14300
14312
14313
14319
14348
14370
14378
14391
14395
14401
14404
14408
14409
14415
14417
14418
14433
14435
14461
14480
14481
14489
14492
14501
14503
14506
14517
14529
14533
14540
14542
14555
14577
14586
14591
14596
14599
14617
14623
14630
14631
14646
14647
14665
14668
14671
14673
14695
14704
14705
14712
14713
14741
14744
14746
14750
14757
14759
14766
14781
14788
14796
14797
14802
14810
14822
14831
14833
14844
14850
14858
14859
14863
14867
14880
14883
14884
14890
14893
14897
14915
14923
14933
14949
14961
14967
14968
14972
14978
14986
14990
15014
15025
15033
15062
15065
15069
15090
15106
15110
15113
15125
15127
15142
15147
15148
15150
15152
15157
15160
15165
15170
15180
15184
15186
15201
15209
15216
15227
15229
15252
15264
15276
15280
15284
15290
15295
15301
15303
15310
15319
15329
15348
15357
15363
15390
15396
15403
15409
15411
15424
15433
15441
15447
15460
15461
15462
15473
15480
15512
15528
15531
15538
15541
15553
15567
15568
15579
15581
15583
15587
15608
15614
15619
15640
15648
15649
15651
15652
15663
15668
15675
15676
15691
15692
15724
15726
15727
15731
15754
15777
15778
15784
15785
15786
15787
15789
15790
15795
15796
15808
15816
15843
15851
15886
15889
15890
15898
15901
15903
15906
15912
15914
15920
15925
15930
15932
15934
15938
15940
15951
15972
15987
15991
15995
15997
16000
16005
16014
16015
16017
16024
16027
16032
16033
16037
16054
16091
16095
16100
16102
16110
16111
16121
16122
16129
16130
16135
16139
16143
16148
16152
16156
16157
16160
16167
16174
16179
16192
16193
16208
16213
16221
16230
16235
16248
16249
16251
16260
16264
16269
16270
16276
16277
16283
16292
16293
16294
16302
16309
16314
16319
16342
16344
16351
16354
16355
16370
16377
16382
16390
16412
16415
16419
16420
16424
16433
16440
16445
16451
16453
16454
16468
16480
16482
16486
16497
16504
16509
16510
16539
16541
16543
16550
16557
16559
16560
16566
16571
16599
16602
16608
16609
16624
16625
16635
16642
16643
16649
16650
16668
16677
16679
16692
16694
16700
16723
16730
16733
16734
16738
16740
16747
16768
16773
16775
16782
16784
16785
16794
16795
16801
16809
16822
16828
16839
16841
16845
16846
16866
16881
16882
16890
16892
16910
16925
16931
16932
16935
16937
16940
16952
16972
16977
16982
16991
16992
17000
17009
17017
17018
17022
17027
17030
17034
17039
17040
17044
17056
17060
17063
17071
17077
17080
17086
17098
17108
17109
17121
17122
17124
17130
17132
17134
17150
17151
17153
17154
17170
17172
17209
17219
17224
17239
17247
17248
17258
17264
17268
17277
17285
17286
17297
17299
17312
17323
17332
17340
17349
17351
17352
17354
17364
17372
17377
17380
17381
17383
17389
17399
17414
17420
17423
17424
17435
17442
17454
17484
17489
17490
17500
17524
17527
17528
17530
17534
17541
17545
17551
17561
17579
17588
17589
17593
17594
17607
17608
17611
17614
17615
17629
17639
17643
17648
17655
17656
17658
17670
17675
17680
17695
17697
17704
17710
17720
17734
17737
17738
17749
17750
17774
17779
17780
17783
17801
17819
17830
17840
17855
17867
17884
17903
17926
17930
17932
17937
17942
17948
17960
17972
17975
17978
17979
17983
17986
17989
18000
18001
18005
18011
18012
18016
18035
18040
18043
18062
18067
18069
18070
18097
18105
18106
18107
18108
18111
18120
18134
18135
18138
18140
18141
18170
18171
18175
18183
18197
18200
18201
18202
18209
18220
18231
18233
18246
18253
18255
18260
18264
18269
18271
18273
18280
18286
18294
18308
18309
18321
18348
18350
18351
18361
18362
18368
18370
18372
18378
18382
18384
18387
18391
18395
18403
18423
18429
18430
18436
18448
18450
18454
18458
18460
18462
18465
18486
18496
18507
18510
18514
18516
18519
18528
18540
18549
18550
18552
18556
18557
18590
18592
18601
18624
18628
18639
18641
18646
18650
18652
18658
18660
18668
18684
18693
18697
18713
18726
18740
18748
18773
18775
18782
18788
18794
18796
18800
18804
18813
18814
18826
18828
18843
18852
18853
18873
18876
18880
18881
18895
18898
18903
18912
18916
18924
18928
18929
18932
18933
18938
18941
18948
18951
18955
18960
18968
18970
18991
18992
19008
19017
19018
19028
19034
19051
19052
19059
19073
19080
19084
19093
19097
19107
19114
19119
19120
19122
19133
19144
19147
19160
19165
19167
19169
19176
19185
19186
19200
19213
19225
19228
19230
19232
19246
19250
19260
19266
19267
19276
19280
19289
19292
19294
19298
19323
19325
19331
19344
19357
19388
19393
19395
19397
19402
19410
19416
19417
19424
19428
19432
19433
19437
19447
19455
19457
19459
19461
19489
19501
19513
19517
19525
19528
19562
19575
19576
19577
19580
19592
19595
19597
19599
19606
19610
19627
19637
19640
19641
19644
19651
19654
19663
19664
19683
19704
19710
19727
19733
19739
19743
19746
19748
19749
19771
19772
19781
19784
19795
19805
19807
19816
19837
19846
19857
19865
19873
19874
19879
19896
19899
19903
19920
19934
19935
19938
19939
19960
19963
19966
19987
19993
20001
20008
20011
20048
20052
20058
20072
20074
20091
20092
20102
20103
20133
20138
20140
20146
20148
20164
20178
20191
20193
20196
20214
20218
20220
20221
20225
20235
20241
20261
20262
20266
20271
20284
20287
20290
20294
20297
20298
20316
20338
20339
20340
20356
20364
20373
20377
20380
20386
20394
20402
20407
20408
20409
20413
20415
20420
20439
20447
20450
20460
20468
20469
20477
20483
20488
20490
20493
20495
20508
20510
20513
20514
20519
20521
20528
20529
20530
20533
20539
20541
20549
20552
20554
20564
20572
20584
20602
20630
20640
20645
20657
20672
20679
20690
20697
20698
20711
20730
20738
20754
20768
20770
20774
20775
20782
20783
20792
20793
20794
20806
20834
20841
20851
20883
20884
20896
20902
20910
20926
20927
20929
20932
20940
20942
20949
20950
20952
20957
20960
20968
20969
20977
21002
21009
21012
21024
21031
21034
21040
21043
21046
21080
21091
21092
21098
21103
21107
21109
21120
21127
21129
21138
21153
21156
21160
21161
21162
21171
21185
21190
21192
21196
21202
21204
21218
21221
21232
21246
21251
21265
21268
21270
21275
21295
21321
21323
21324
21328
21341
21343
21346
21351
21352
21354
21362
21370
21374
21382
21387
21391
21392
21393
21397
21410
21411
21414
21422
21440
21442
21444
21447
21448
21450
21454
21461
21463
21481
21484
21498
21503
21507
21519
21535
21550
21556
21568
21582
21604
21607
21619
21627
21637
21639
21646
21668
21676
21684
21688
21710
21719
21734
21737
21742
21751
21760
21761
21766
21769
21799
21814
21816
21827
21830
21833
21835
21842
21844
21846
21851
21852
21858
21871
21886
21891
21894
21898
21907
21920
21925
21939
21950
21953
21955
21960
21967
21970
21975
22010
22014
22015
22018
22026
22027
22028
22042
22044
22052
22080
22086
22103
22115
22123
22133
22135
22137
22140
22148
22149
22175
22178
22202
22205
22208
22211
22221
22228
22230
22242
22259
22263
22270
22275
22276
22280
22287
22288
22290
22292
22294
22299
22300
22314
22331
22341
22357
22363
22396
22401
22421
22431
22435
22439
22440
22442
22443
22453
22463
22468
22472
22473
22481
22483
22498
22516
22530
22538
22550
22567
22568
22576
22582
22587
22588
22594
22600
22602
22606
22622
22623
22628
22630
22634
22654
22664
22668
22669
22670
22673
22685
22720
22746
22747
22753
22772
22777
22779
22795
22808
22814
22820
22830
22839
22841
22842
22851
22854
22855
22861
22862
22866
22876
22881
22885
22894
22895
22905
22907
22913
22924
22938
22944
22956
22957
22963
22967
22970
22993
22996
23002
23012
23015
23024
23045
23047
23051
23052
23057
23060
23068
23069
23076
23088
23093
23095
23111
23112
23116
23123
23129
23145
23146
23147
23151
23157
23161
23165
23170
23176
23182
23183
23185
23204
23211
23214
23227
23228
23230
23236
23239
23240
23245
23257
23261
23280
23283
23287
23288
23290
23308
23312
23314
23320
23330
23334
23337
23338
23346
23350
23355
23364
23370
23376
23380
23388
23397
23403
23404
23417
23420
23424
23425
23428
23439
23450
23461
23465
23466
23468
23469
23471
23477
23480
23482
23489
23505
23507
23509
23522
23529
23536
23537
23543
23551
23555
23556
23568
23572
23578
23605
23619
23628
23633
23641
23648
23658
23659
23663
23687
23689
23710
23716
23721
23728
23735
23738
23742
23746
23759
23767
23776
23778
23782
23796
23799
23802
23803
23808
23830
23843
23844
23845
23852
23858
23866
23869
23875
23887
23892
23897
23914
23921
23924
23928
23950
23973
23990
24002
24007
24021
24023
24036
24048
24053
24062
24068
24084
24097
24098
24099
24101
24111
24113
24126
24135
24136
24151
24159
24180
24182
24183
24189
24191
24193
24200
24205
24207
24218
24227
24243
24247
24252
24253
24260
24275
24284
24285
24293
24308
24312
24313
24341
24342
24345
24347
24349
24364
24378
24394
24397
24407
24410
24420
24426
24434
24435
24437
24439
24442
24445
24468
24473
24489
24498
24502
24510
24513
24530
24531
24544
24547
24548
24551
24555
24574
24580
24582
24600
24607
24609
24610
24613
24624
24632
24639
24641
24646
24648
24655
24661
24672
24680
24691
24692
24695
24699
24732
24733
24740
24745
24748
24770
24772
24783
24789
24797
24811
24830
24837
24844
24849
24851
24870
24893
24903
24908
24910
24929
24955
24959
24965
24968
24975
24980
24983
24985
24995
24997
25006
25018
25023
25026
25035
25036
25047
25057
25060
25082
25090
25110
25117
25122
25125
25126
25129
25131
25134
25140
25141
25145
25152
25153
25154
25168
25170
25175
25183
25184
25186
25207
25222
25224
25227
25239
25240
25245
25252
25258
25260
25273
25285
25298
25307
25332
25336
25341
25356
25372
25378
25384
25390
25391
25401
25407
25420
25429
25444
25468
25479
25481
25486
25489
25492
25498
25509
25514
25531
25532
25537
25542
25544
25549
25559
25560
25565
25567
25571
25591
25594
25603
25608
25625
25653
25658
25666
25668
25680
25687
25688
25689
25696
25697
25700
25716
25730
25731
25737
25772
25783
25795
25801
25811
25813
25820
25823
25831
25845
25852
25858
25859
25865
25866
25867
25875
25894
25897
25909
25915
25917
25919
25924
25927
25933
25960
25962
25966
25983
25986
25989
25993
25996
26004
26013
26056
26074
26077
26079
26095
26097
26098
26104
26107
26109
26110
26111
26112
26117
26128
26130
26131
26136
26143
26149
26160
26171
26172
26173
26178
26179
26181
26183
26190
26192
26197
26200
26207
26209
26214
26228
26234
26241
26257
26262
26263
26277
26282
26293
26297
26305
26308
26311
26326
26328
26348
26349
26350
26356
26357
26364
26368
26391
26399
26400
26414
26417
26427
26441
26446
26450
26459
26461
26468
26482
26494
26504
26510
26513
26514
26531
26543
26559
26568
26572
26577
26578
26584
26590
26600
26603
26617
26631
26633
26634
26637
26639
26646
26647
26651
26667
26672
26675
26687
26693
26701
26705
26716
26722
26725
26737
26742
26750
26752
26757
26767
26769
26773
26792
26815
26832
26836
26839
26840
26851
26856
26858
26862
26873
26875
26885
26889
26893
26895
26903
26935
26942
26945
26948
26971
26978
26982
27019
27032
27040
27047
27055
27062
27079
27083
27101
27107
27120
27122
27124
27130
27143
27152
27155
27181
27182
27196
27213
27228
27230
27247
27273
27276
27280
27281
27301
27302
27308
27310
27315
27327
27328
27330
27345
27372
27385
27388
27390
27403
27406
27415
27420
27422
27431
27433
27440
27453
27456
27467
27471
27479
27482
27495
27505
27508
27521
27528
27543
27549
27551
27572
27580
27583
27584
27590
27602
27614
27625
27631
27639
27649
27654
27659
27662
27674
27683
27691
27694
27698
27704
27711
27715
27717
27723
27754
27766
27790
27793
27803
27807
27813
27826
27829
27835
27849
27868
27872
27875
27881
27883
27897
27900
27904
27908
27913
27929
27934
27936
27938
27942
27947
27964
27976
27988
27989
27990
27992
28011
28015
28021
28024
28026
28029
28036
28040
28042
28050
28053
28059
28060
28069
28070
28073
28090
28092
28101
28108
28110
28112
28114
28123
28124
28129
28131
28167
28169
28171
28174
28192
28197
28200
28204
28214
28217
28231
28234
28250
28255
28260
28261
28280
28282
28285
28289
28320
28321
28332
28333
28334
28335
28338
28348
28357
28368
28374
28378
28386
28388
28389
28390
28393
28407
28418
28424
28429
28430
28431
28442
28449
28461
28470
28473
28475
28498
28500
28503
28505
28507
28511
28514
28523
28525
28527
28529
28538
28540
28546
28549
28555
28572
28584
28606
28620
28624
28635
28641
28648
28650
28667
28669
28672
28691
28696
28708
28716
28723
28726
28729
28730
28739
28745
28750
28754
28764
28778
28779
28783
28788
28790
28797
28804
28813
28828
28829
28837
28852
28855
28862
28866
28867
28880
28885
28899
28903
28906
28908
28919
28927
28932
28943
28964
28974
28981
28984
28992
28996
29007
29009
29019
29026
29030
29063
29065
29068
29080
29086
29098
29110
29154
29170
29177
29185
29194
29196
29200
29202
29247
29249
29259
29263
29319
29321
29325
29326
29339
29340
29343
29356
29360
29365
29374
29385
29388
29401
29402
29408
29422
29439
29441
29446
29451
29460
29469
29476
29477
29480
29481
29487
29500
29506
29510
29523
29525
29529
29535
29551
29555
29562
29572
29573
29578
29602
29607
29614
29625
29627
29639
29644
29665
29668
29689
29693
29706
29707
29725
29730
29740
29744
29760
29761
29773
29784
29789
29801
29823
29829
29858
29872
29875
29891
29895
29909
29910
29911
29913
29923
29927
29931
29935
29943
29952
29971
29976
30000
30002
30008
30010
30012
30013
30014
30020
30037
30039
30040
30042
30053
30062
30075
30076
30084
30090
30092
30095
30108
30109
30124
30136
30143
30147
30148
30151
30167
30169
30170
30171
30180
30182
30194
30199
30205
30208
30220
30223
30225
30232
30233
30237
30246
30251
30252
30255
30258
30272
30285
30287
30290
30310
30311
30316
30347
30350
30357
30365
30369
30401
30437
30439
30442
30452
30455
30457
30459
30470
30484
30490
30503
30514
30516
30517
30527
30529
30537
30538
30543
30568
30580
30581
30586
30590
30591
30593
30608
30612
30613
30620
30636
30648
30653
30657
30664
30669
30694
30698
30710
30719
30720
30730
30732
30737
30747
30754
30768
30771
30772
30780
30782
30789
30795
30804
30810
30818
30824
30829
30837
30844
30869
30877
30882
30883
30885
30890
30892
30897
30901
30916
30917
30922
30923
30924
30934
30936
30938
30939
30941
30962
30964
30966
30970
30973
30979
30980
30991
31003
31011
31020
31022
31023
31025
31027
31052
31053
31070
31071
31074
31077
31096
31098
31100
31102
31113
31116
31121
31123
31128
31134
31147
31155
31160
31161
31174
31178
31189
31190
31201
31202
31207
31209
31213
31214
31215
31229
31255
31258
31261
31264
31266
31270
31276
31282
31283
31287
31296
31300
31309
31333
31336
31342
31355
31359
31362
31363
31365
31366
31367
31381
31397
31402
31407
31430
31434
31439
31441
31450
31459
31465
31472
31474
31477
31480
31481
31486
31492
31495
31497
31510
31520
31524
31531
31536
31538
31540
31545
31547
31550
31555
31557
31560
31579
31585
31588
31600
31603
31618
31620
31643
31650
31651
31652
31660
31662
31664
31666
31672
31680
31690
31696
31697
31701
31705
31712
31717
31720
31729
31738
31741
31768
31783
31797
31803
31809
31821
31831
31839
31849
31854
31855
31858
31859
31868
31871
31889
31890
31892
31893
31901
31921
31922
31927
31933
31951
31956
31965
31971
31975
31978
31985
32010
32017
32022
32026
32028
32029
32033
32047
32052
32089
32091
32101
32102
32104
32110
32113
32114
32152
32164
32167
32176
32180
32183
32213
32260
32268
32281
32291
32299
32303
32310
32317
32334
32360
32363
32371
32375
32376
32381
32383
32385
32402
32408
32428
32432
32433
32442
32444
32446
32453
32458
32462
32468
32472
32490
32492
32493
32499
32501
32507
32519
32530
32535
32537
32543
32544
32545
32551
32552
32560
32563
32568
32570
32572
32612
32616
32617
32620
32623
32650
32656
32663
32664
32665
32673
32679
32680
32681
32683
32698
32699
32702
32703
32708
32710
32720
32731
32733
32735
32738
32749
32752
32754
32759
32795
32796
32820
32829
32834
32837
32839
32847
32849
32861
32866
32868
32881
32884
32896
32921
32930
32940
32941
32943
32947
32951
32952
32955
32956
32960
32961
32969
32979
32981
32990
32992
32994
33010
33023
33027
33028
33043
33049
33061
33073
33076
33080
33085
33091
33100
33113
33140
33142
33151
33155
33162
33175
33177
33182
33185
33190
33192
33208
33211
33212
33214
33228
33230
33254
33257
33261
33263
33267
33286
33311
33320
33325
33329
33330
33343
33351
33364
33374
33376
33388
33391
33401
33414
33428
33429
33436
33450
33454
33468
33479
33481
33488
33499
33512
33513
33514
33517
33538
33546
33554
33567
33574
33580
33583
33587
33591
33601
33602
33603
33615
33624
33637
33643
33644
33650
33652
33653
33655
33658
33662
33675
33680
33682
33687
33689
33704
33734
33743
33757
33762
33772
33775
33784
33788
33797
33802
33829
33830
33842
33848
33855
33858
33891
33892
33895
33904
33932
33942
33943
33947
33954
33960
33973
33977
33979
33983
33984
33993
33994
33996
34000
34018
34026
34047
34051
34053
34073
34081
34082
34095
34096
34114
34119
34126
34130
34131
34133
34150
34152
34171
34181
34184
34190
34192
34194
34199
34201
34203
34210
34215
34216
34227
34235
34237
34239
34240
34248
34249
34262
34266
34268
34274
34282
34305
34306
34317
34319
34328
34342
34343
34355
34365
34371
34372
34379
34390
34397
34405
34416
34420
34421
34430
34435
34443
34481
34499
34505
34513
34530
34538
34549
34550
34560
34562
34576
34588
34589
34592
34595
34600
34609
34611
34618
34634
34635
34642
34643
34649
34656
34666
34677
34693
34695
34700
34703
34704
34707
34710
34720
34729
34741
34751
34756
34775
34784
34787
34788
34793
34801
34813
34819
34823
34843
34855
34868
34870
34873
34891
34895
34898
34906
34914
34926
34929
34935
34941
34949
34959
34967
34980
34996
35001
35002
35010
35016
35017
35018
35027
35044
35045
35050
35057
35063
35074
35080
35088
35089
35093
35094
35102
35104
35111
35120
35122
35139
35141
35144
35145
35152
35157
35169
35174
35187
35188
35191
35192
35193
35201
35210
35233
35247
35250
35302
35308
35326
35341
35344
35351
35354
35355
35368
35383
35387
35391
35394
35404
35420
35423
35424
35428
35437
35444
35446
35450
35455
35459
35460
35467
35471
35475
35487
35492
35493
35502
35507
35522
35547
35560
35563
35573
35579
35589
35593
35607
35615
35621
35626
35630
35642
35643
35652
35657
35665
35668
35672
35675
35689
35695
35712
35731
35739
35748
35750
35752
35767
35777
35778
35779
35782
35788
35796
35809
35818
35827
35832
35841
35855
35867
35870
35875
35883
35893
35900
35909
35922
35926
35940
35943
35944
35948
35949
35964
35980
35984
35986
35997
36004
36017
36020
36025
36032
36047
36068
36073
36089
36092
36096
36106
36111
36114
36121
36127
36135
36139
36150
36151
36168
36177
36186
36195
36201
36202
36205
36212
36226
36233
36241
36253
36264
36271
36273
36300
36305
36321
36342
36353
36375
36396
36408
36411
36421
36422
36441
36454
36458
36462
36465
36467
36475
36487
36504
36508
36510
36517
36524
36525
36528
36534
36543
36547
36551
36555
36567
36615
36633
36643
36646
36647
36660
36662
36663
36681
36682
36684
36700
36704
36706
36710
36723
36733
36739
36751
36752
36754
36789
36790
36791
36793
36802
36819
36835
36840
36846
36849
36856
36861
36867
36872
36884
36900
36910
36920
36929
36940
36942
36947
36949
36951
36957
36971
36976
36978
36980
36983
36987
36992
36997
37006
37010
37028
37041
37048
37050
37054
37060
37071
37072
37085
37087
37090
37091
37097
37135
37137
37148
37167
37172
37181
37186
37197
37203
37204
37215
37216
37218
37222
37244
37249
37250
37253
37257
37262
37284
37287
37304
37308
37322
37323
37345
37372
37375
37377
37395
37407
37414
37425
37430
37435
37439
37451
37459
37473
37474
37476
37483
37497
37502
37513
37529
37530
37531
37543
37546
37547
37551
37562
37583
37588
37592
37594
37610
37614
37619
37622
37631
37635
37645
37658
37666
37672
37677
37711
37713
37719
37722
37730
37734
37745
37760
37763
37767
37770
37808
37815
37817
37822
37828
37837
37848
37851
37865
37866
37869
37876
37879
37890
37893
37907
37910
37915
37922
37929
37941
37950
37966
37969
37983
37995
37996
38000
38004
38005
38011
38028
38029
38063
38064
38077
38080
38089
38098
38116
38128
38137
38143
38145
38148
38180
38182
38191
38195
38196
38202
38206
38207
38217
38224
38229
38233
38256
38263
38274
38330
38349
38351
38355
38365
38371
38378
38379
38382
38392
38406
38410
38411
38427
38433
38442
38446
38457
38461
38463
38466
38474
38483
38485
38491
38499
38506
38513
38552
38557
38562
38564
38580
38581
38593
38603
38607
38612
38617
38618
38625
38627
38632
38635
38644
38648
38649
38663
38664
38690
38693
38697
38709
38716
38722
38729
38736
38737
38742
38748
38753
38755
38778
38780
38782
38791
38803
38806
38819
38834
38836
38840
38843
38845
38863
38868
38889
38891
38896
38905
38912
38914
38916
38927
38930
38937
38944
38963
38974
38980
38990
38991
39013
39017
39023
39040
39045
39048
39050
39055
39077
39080
39084
39089
39094
39098
39099
39107
39113
39124
39130
39141
39145
39148
39157
39160
39166
39170
39171
39178
39190
39194
39201
39202
39203
39234
39239
39241
39244
39251
39260
39298
39304
39305
39309
39311
39343
39345
39350
39360
39363
39372
39383
39388
39404
39415
39418
39423
39463
39464
39466
39468
39474
39475
39477
39486
39487
39489
39492
39496
39499
39503
39511
39521
39527
39534
39538
39540
39542
39547
39555
39559
39568
39572
39578
39581
39582
39603
39607
39621
39622
39624
39628
39633
39644
39649
39661
39668
39683
39684
39688
39729
39735
39740
39743
39751
39761
39765
39769
39771
39780
39782
39789
39805
39814
39819
39826
39834
39840
39841
39847
39894
39902
39908
39924
39930
39936
39941
39950
39955
39957
39964
39965
39970
39973
39975
39976
39981
39993
39994
39996
39999
40006
40009
40011
40021
40036
40048
40049
40051
40066
40070
40081
40113
40115
40119
40138
40142
40149
40151
40160
40161
40165
40176
40181
40184
40193
40197
40230
40231
40233
40242
40245
40300
40319
40325
40326
40338
40353
40357
40365
40366
40367
40389
40400
40401
40409
40410
40412
40414
40418
40440
40443
40450
40453
40456
40476
40479
40489
40495
40502
40516
40520
40536
40539
40541
40545
40547
40548
40550
40565
40567
40575
40582
40585
40588
40590
40615
40619
40622
40642
40647
40650
40655
40659
40660
40662
40664
40669
40670
40681
40686
40701
40708
40715
40722
40724
40725
40729
40730
40741
40750
40755
40783
40797
40799
40802
40806
40812
40817
40825
40827
40828
40834
40837
40844
40846
40849
40853
40858
40860
40864
40868
40875
40891
40898
40903
40909
40910
40917
40920
40933
40934
40938
40943
40954
40956
40970
40982
40985
40993
40994
40996
41005
41021
41029
41030
41035
41039
41041
41047
41056
41061
41065
41068
41073
41077
41083
41086
41090
41092
41098
41100
41101
41108
41113
41117
41124
41128
41130
41141
41151
41162
41163
41172
41177
41190
41192
41193
41205
41206
41217
41219
41239
41240
41247
41259
41266
41272
41287
41298
41300
41303
41338
41352
41355
41360
41368
41378
41385
41405
41418
41424
41443
41446
41458
41472
41476
41481
41482
41493
41497
41499
41509
41511
41523
41530
41543
41545
41562
41570
41573
41574
41596
41600
41612
41623
41630
41653
41670
41673
41682
41689
41690
41701
41703
41723
41724
41736
41738
41742
41750
41781
41782
41800
41805
41814
41820
41823
41827
41830
41833
41835
41840
41842
41844
41849
41850
41854
41862
41871
41872
41877
41881
41905
41910
41912
41915
41922
41923
41929
41935
41939
41946
41950
41957
41959
41969
41970
41971
41972
41975
41982
41991
42009
42010
42013
42027
42031
42036
42057
42061
42073
42076
42088
42101
42104
42123
42133
42135
42140
42151
42157
42162
42163
42180
42182
42190
42191
42195
42199
42208
42218
42222
42242
42243
42245
42248
42250
42255
42263
42268
42277
42281
42286
42289
42303
42310
42320
42322
42325
42342
42353
42362
42374
42381
42392
42407
42411
42414
42426
42432
42433
42443
42447
42448
42457
42458
42463
42465
42479
42480
42493
42495
42501
42508
42510
42519
42527
42540
42543
42549
42551
42552
42561
42564
42568
42577
42581
42587
42600
42608
42614
42619
42620
42634
42635
42646
42649
42653
42663
42666
42668
42673
42682
42685
42692
42695
42702
42709
42715
42731
42738
42743
42748
42757
42766
42767
42772
42779
42780
42785
42788
42794
42807
42811
42812
42821
42822
42823
42824
42832
42845
42846
42852
42864
42869
42870
42872
42877
42888
42891
42892
42913
42923
42925
42931
42932
42933
42941
42947
42949
42954
42960
42962
42964
42965
42976
42983
42984
43006
43017
43037
43053
43055
43058
43063
43068
43069
43074
43088
43100
43102
43103
43108
43110
43120
43130
43138
43153
43156
43159
43160
43177
43178
43179
43186
43190
43192
43199
43207
43212
43220
43221
43240
43243
43244
43246
43251
43293
43301
43311
43322
43324
43335
43336
43341
43342
43347
43357
43360
43364
43375
43377
43382
43387
43390
43409
43415
43420
43423
43432
43434
43440
43441
43448
43482
43483
43488
43509
43514
43516
43520
43538
43548
43563
43568
43570
43578
43581
43600
43607
43608
43632
43657
43665
43682
43715
43739
43746
43750
43756
43769
43771
43773
43774
43782
43805
43818
43822
43850
43854
43876
43884
43885
43892
43897
43900
43910
43922
43926
43927
43933
43938
43950
43954
43968
43986
43994
43996
44013
44018
44027
44028
44039
44042
44047
44048
44052
44067
44091
44095
44115
44133
44139
44140
44143
44152
44160
44161
44166
44176
44200
44210
44213
44218
44223
44229
44230
44256
44258
44271
44274
44277
44288
44290
44305
44309
44315
44338
44350
44354
44356
44376
44387
44389
44397
44402
44407
44416
44430
44439
44448
44451
44462
44463
44467
44472
44480
44484
44489
44498
44500
44503
44521
44528
44531
44536
44565
44572
44575
44588
44592
44594
44607
44644
44645
44652
44661
44669
44682
44690
44693
44698
44702
44703
44705
44720
44724
44728
44740
44741
44743
44760
44769
44770
44785
44788
44791
44803
44804
44827
44851
44855
44858
44861
44862
44868
44870
44873
44883
44889
44890
44916
44933
44934
44939
44941
44944
44960
44967
44972
44988
45002
45006
45010
45015
45031
45050
45053
45057
45065
45072
45073
45082
45085
45091
45093
45098
45100
45107
45110
45125
45137
45154
45161
45170
45172
45187
45195
45208
45210
45216
45244
45249
45259
45261
45279
45280
45294
45299
45303
45305
45322
45327
45334
45335
45337
45338
45341
45346
45350
45351
45354
45355
45362
45367
45368
45370
45393
45396
45406
45410
45430
45433
45435
45441
45443
45448
45454
45458
45463
45468
45480
45484
45492
45500
45501
45511
45526
45531
45533
45535
45537
45538
45557
45559
45578
45579
45590
45622
45624
45625
45636
45641
45647
45650
45657
45687
45695
45699
45720
45721
45737
45765
45770
45772
45774
45797
45803
45808
45812
45826
45830
45835
45840
45847
45852
45857
45894
45895
45897
45915
45920
45928
45933
45950
45960
45962
45968
45979
45981
45982
45984
46008
46021
46026
46028
46029
46035
46058
46070
46075
46077
46079
46082
46087
46092
46102
46111
46114
46122
46132
46133
46145
46156
46164
46181
46183
46185
46187
46191
46207
46208
46215
46222
46234
46248
46250
46254
46255
46275
46276
46285
46297
46299
46321
46332
46335
46336
46338
46348
46352
46367
46371
46372
46374
46375
46381
46382
46394
46405
46417
46422
46425
46428
46429
46434
46447
46460
46500
46514
46523
46528
46530
46537
46538
46539
46542
46543
46551
46555
46572
46579
46580
46582
46583
46590
46593
46595
46602
46608
46609
46614
46615
46622
46648
46649
46651
46654
46656
46664
46684
46688
46691
46694
46701
46707
46711
46713
46726
46727
46732
46738
46745
46750
46760
46763
46772
46777
46778
46782
46790
46793
46794
46799
46813
46821
46834
46836
46837
46845
46867
46875
46876
46882
46887
46889
46911
46919
46937
46963
46972
46979
46981
46986
46990
47002
47004
47010
47016
47023
47044
47051
47053
47055
47069
47073
47074
47104
47122
47131
47132
47134
47148
47160
47164
47165
47169
47170
47176
47177
47180
47185
47200
47215
47218
47220
47232
47233
47236
47242
47245
47258
47260
47266
47280
47287
47310
47314
47317
47321
47324
47330
47337
47340
47347
47364
47365
47372
47373
47379
47381
47416
47419
47420
47422
47423
47427
47428
47440
47441
47442
47447
47449
47470
47479
47493
47496
47503
47504
47515
47524
47526
47549
47573
47575
47581
47590
47605
47609
47612
47613
47616
47622
47626
47629
47630
47631
47635
47639
47648
47656
47701
47703
47720
47725
47738
47739
47760
47761
47770
47780
47781
47806
47807
47809
47818
47821
47823
47847
47853
47854
47857
47864
47865
47869
47875
47895
47898
47915
47919
47926
47977
47980
47987
47988
47997
48001
48007
48016
48020
48022
48023
48031
48042
48055
48059
48070
48081
48087
48102
48107
48126
48127
48129
48134
48159
48160
48161
48166
48168
48170
48171
48172
48183
48187
48194
48200
48211
48212
48217
48220
48221
48225
48226
48252
48264
48268
48291
48292
48294
48307
48308
48317
48320
48339
48341
48345
48364
48375
48382
48397
48399
48400
48431
48432
48453
48457
48485
48504
48520
48523
48525
48530
48532
48549
48550
48565
48574
48575
48576
48580
48586
48588
48589
48591
48608
48613
48618
48620
48625
48631
48639
48650
48665
48669
48673
48674
48688
48690
48711
48723
48728
48733
48737
48738
48751
48753
48757
48759
48768
48770
48784
48792
48816
48821
48822
48826
48837
48843
48851
48852
48868
48870
48872
48876
48891
48901
48908
48910
48924
48928
48933
48934
48936
48938
48949
48962
48967
48977
48985
48988
48990
48992
48996
49003
49005
49006
49013
49030
49048
49050
49061
49062
49063
49067
49072
49079
49081
49088
49093
49097
49103
49113
49122
49125
49131
49132
49143
49164
49167
49169
49170
49181
49183
49193
49240
49247
49250
49252
49262
49276
49280
49282
49288
49306
49311
49314
49315
49320
49323
49326
49332
49337
49345
49352
49354
49356
49370
49373
49380
49403
49412
49419
49428
49437
49456
49460
49461
49463
49468
49473
49483
49485
49495
49500
49511
49512
49522
49534
49535
49543
49545
49555
49561
49562
49573
49578
49596
49599
49603
49605
49619
49624
49626
49639
49657
49664
49666
49673
49674
49692
49693
49696
49697
49708
49713
49732
49733
49735
49742
49751
49776
49778
49783
49794
49804
49807
49808
49813
49821
49835
49846
49850
49851
49861
49863
49870
49876
49895
49907
49910
49939
49948
49952
49957
49966
49979
49985
49989
50002
50015
50019
50023
50030
50037
50053
50057
50059
50079
50083
50100
50102
50115
50130
50143
50152
50165
50201
50231
50251
50262
50282
50284
50299
50310
50313
50319
50320
50321
50328
50329
50349
50354
50360
50367
50376
50377
50383
50385
50390
50397
50399
50415
50416
50418
50424
50431
50433
50434
50436
50451
50458
50468
50475
50476
50480
50502
50506
50507
50517
50520
50522
50525
50533
50540
50550
50556
50564
50566
50580
50587
50607
50618
50622
50629
50645
50655
50660
50672
50674
50676
50683
50700
50706
50708
50714
50722
50723
50728
50741
50745
50746
50761
50779
50788
50804
50814
50825
50826
50831
50832
50843
50852
50875
50880
50892
50896
50900
50914
50931
50935
50944
50947
50950
50975
50981
50991
50994
50997
51003
51005
51011
51013
51018
51022
51032
51046
51061
51076
51077
51080
51090
51096
51099
51104
51108
51127
51130
51131
51138
51142
51148
51150
51159
51187
51230
51244
51250
51253
51255
51257
51263
51279
51292
51308
51309
51316
51319
51320
51328
51332
51338
51350
51362
51365
51390
51396
51399
51400
51402
51414
51421
51424
51435
51440
51442
51448
51453
51454
51455
51458
51460
51461
51470
51479
51483
51484
51486
51493
51498
51516
51523
51524
51538
51550
51551
51552
51556
51564
51567
51571
51574
51602
51617
51623
51630
51634
51645
51648
51652
51664
51694
51695
51697
51700
51715
51724
51728
51739
51743
51749
51768
51770
51788
51796
51797
51800
51802
51813
51818
51819
51822
51823
51826
51842
51844
51856
51860
51865
51885
51893
51914
51924
51929
51937
51941
51947
51948
51952
51957
51959
51963
51974
51976
51979
51995
52015
52037
52039
52052
52061
52064
52070
52072
52091
52095
52102
52103
52104
52107
52108
52117
52135
52139
52150
52157
52168
52174
52195
52224
52231
52235
52242
52249
52250
52257
52260
52263
52267
52268
52275
52282
52292
52300
52317
52351
52368
52370
52391
52400
52408
52410
52419
52427
52431
52451
52456
52459
52465
52472
52480
52502
52509
52513
52524
52533
52535
52541
52544
52550
52554
52557
52564
52570
52578
52587
52593
52596
52599
52613
52618
52622
52625
52635
52659
52671
52682
52684
52686
52690
52697
52705
52733
52739
52742
52743
52818
52828
52837
52855
52858
52865
52885
52903
52914
52927
52928
52932
52936
52940
52963
52965
52966
52982
52986
52989
52990
52994
53001
53008
53011
53023
53030
53041
53048
53054
53058
53071
53075
53080
53084
53091
53094
53106
53113
53124
53138
53143
53148
53150
53167
53176
53183
53184
53185
53196
53199
53211
53213
53222
53228
53232
53234
53237
53255
53266
53268
53274
53275
53280
53285
53286
53290
53291
53297
53304
53305
53308
53312
53314
53315
53325
53328
53338
53351
53352
53355
53363
53373
53377
53379
53386
53399
53402
53413
53427
53449
53455
53458
53460
53481
53493
53500
53504
53515
53524
53531
53541
53542
53551
53556
53563
53567
53570
53579
53584
53589
53604
53617
53618
53621
53631
53640
53642
53660
53674
53687
53712
53714
53722
53737
53738
53745
53746
53747
53751
53752
53754
53755
53773
53782
53783
53790
53794
53797
53832
53842
53847
53849
53869
53883
53891
53893
53896
53917
53926
53929
53934
53955
53959
53965
53974
53990
54008
54020
54025
54027
54028
54037
54040
54043
54046
54048
54061
54067
54070
54072
54077
54087
54091
54097
54099
54100
54103
54119
54134
54155
54160
54163
54175
54182
54190
54191
54193
54196
54197
54204
54215
54218
54219
54237
54241
54244
54245
54250
54256
54259
54263
54270
54271
54272
54273
54276
54287
54290
54307
54308
54309
54312
54322
54323
54352
54357
54359
54371
54375
54389
54392
54393
54394
54395
54402
54425
54434
54435
54436
54443
54445
54447
54448
54456
54458
54470
54475
54477
54484
54493
54507
54515
54524
54526
54532
54538
54542
54546
54571
54585
54589
54611
54618
54627
54629
54639
54653
54655
54669
54670
54685
54691
54698
54700
54704
54706
54722
54733
54736
54740
54741
54749
54750
54771
54785
54786
54793
54804
54807
54818
54827
54842
54845
54848
54857
54865
54875
54898
54901
54903
54908
54910
54922
54924
54938
54943
54961
54963
54971
54973
54988
54991
55010
55014
55017
55030
55032
55035
55054
55055
55056
55058
55059
55063
55064
55072
55082
55087
55089
55091
55099
55108
55110
55123
55128
55129
55140
55159
55189
55215
55223
55228
55235
55239
55240
55246
55249
55250
55253
55257
55259
55262
55263
55269
55281
55285
55301
55304
55306
55307
55310
55329
55334
55336
55340
55343
55348
55359
55369
55388
55392
55400
55403
55411
55412
55417
55420
55421
55428
55445
55446
55451
55455
55456
55457
55479
55487
55497
55498
55517
55532
55533
55538
55542
55546
55548
55549
55550
55567
55568
55578
55579
55580
55584
55588
55597
55601
55603
55610
55614
55618
55627
55630
55641
55649
55653
55658
55683
55687
55702
55714
55722
55725
55726
55727
55729
55731
55733
55741
55744
55760
55763
55777
55789
55790
55794
55799
55801
55821
55822
55824
55834
55840
55843
55846
55850
55862
55869
55876
55910
55914
55915
55920
55925
55926
55927
55947
55962
55972
55977
55978
55982
55990
56004
56005
56013
56020
56029
56031
56032
56044
56056
56058
56060
56064
56083
56092
56097
56098
56100
56113
56115
56122
56124
56143
56159
56168
56173
56178
56180
56182
56193
56194
56213
56226
56227
56236
56242
56243
56244
56245
56256
56258
56261
56270
56271
56288
56290
56310
56314
56334
56337
56349
56353
56357
56361
56369
56370
56372
56378
56387
56388
56391
56395
56401
56402
56413
56418
56432
56447
56458
56464
56468
56475
56481
56487
56488
56499
56519
56524
56535
56549
56577
56578
56581
56582
56584
56589
56611
56622
56623
56625
56639
56642
56647
56650
56654
56664
56668
56689
56708
56713
56715
56731
56748
56751
56753
56764
56775
56789
56822
56830
56839
56851
56860
56861
56872
56879
56881
56885
56892
56895
56896
56901
56938
56940
56944
56946
56947
56948
56969
56978
56985
56986
56987
57002
57018
57027
57031
57033
57052
57058
57063
57071
57082
57095
57098
57102
57105
57115
57117
57121
57126
57128
57133
57152
57159
57172
57189
57193
57194
57202
57203
57248
57251
57265
57279
57283
57284
57290
57300
57301
57302
57303
57308
57317
57324
57331
57336
57337
57338
57364
57381
57392
57394
57408
57415
57426
57431
57441
57454
57455
57462
57469
57470
57471
57501
57522
57544
57557
57560
57572
57577
57578
57586
57590
57593
57621
57622
57627
57630
57631
57646
57647
57655
57661
57669
57681
57682
57683
57688
57690
57699
57703
57709
57715
57720
57722
57726
57741
57743
57744
57759
57760
57761
57769
57774
57779
57784
57791
57805
57811
57815
57822
57823
57825
57830
57841
57846
57859
57861
57865
57882
57886
57901
57908
57910
57922
57927
57933
57934
57935
57936
57943
57951
57976
57982
57992
57995
58021
58026
58028
58029
58034
58035
58041
58049
58062
58075
58082
58088
58092
58101
58102
58115
58124
58133
58141
58150
58173
58175
58181
58185
58188
58197
58202
58204
58211
58225
58234
58239
58247
58251
58252
58255
58258
58264
58267
58269
58273
58277
58295
58303
58304
58305
58306
58310
58320
58325
58339
58350
58355
58372
58375
58384
58396
58430
58439
58440
58448
58449
58468
58470
58474
58476
58480
58498
58509
58515
58520
58528
58529
58531
58547
58562
58568
58575
58576
58578
58583
58588
58589
58602
58608
58617
58619
58625
58629
58630
58634
58643
58648
58651
58655
58681
58683
58689
58697
58702
58714
58720
58726
58731
58752
58767
58771
58778
58782
58783
58789
58801
58819
58828
58844
58850
58857
58867
58881
58885
58898
58899
58901
58902
58904
58911
58915
58920
58921
58950
58956
58967
58975
59007
59023
59026
59034
59049
59060
59061
59064
59070
59082
59091
59097
59104
59111
59112
59116
59174
59185
59194
59197
59200
59210
59219
59255
59259
59265
59274
59288
59293
59294
59320
59342
59348
59356
59376
59384
59397
59417
59421
59427
59433
59458
59482
59490
59496
59503
59509
59520
59563
59568
59571
59582
59592
59596
59600
59616
59620
59627
59631
59632
59643
59649
59668
59679
59695
59702
59705
59710
59712
59723
59737
59739
59749
59754
59755
59764
59773
59782
59814
59818
59820
59821
59823
59826
59830
59840
59841
59843
59860
59867
59883
59888
59911
59915
59920
59923
59924
59931
59935
59937
59944
59948
59949
59956
59964
59968
59984
59989
