pmin=2035285608449
7056*21^n+335
506720
506732
506744
506752
506828
506960
506984
507192
507200
507208
507220
507244
507308
507340
507376
507472
507508
507524
507548
507556
507576
507608
507632
507660
507676
507724
507748
507788
507808
507824
507828
507836
507896
507940
507956
507968
508004
508012
508028
508040
508096
508148
508188
508244
508256
508300
508304
508364
508396
508404
508416
508468
508472
508496
508552
508556
508568
508592
508628
508676
508684
508692
508712
508764
508768
508776
508812
508832
508836
508844
508852
508892
508900
508916
508936
509000
509008
509012
509032
509084
509120
509124
509140
509252
509260
509324
509336
509352
509376
509396
509408
509476
509504
509512
509592
509620
509628
509636
509644
509648
509684
509816
509844
509852
509896
509952
509972
509996
510000
510020
510096
510100
510140
510148
510164
510212
510252
510292
510320
510404
510420
510440
510448
510488
510572
510668
510672
510680
510692
510708
510728
510736
510752
510780
510792
510860
510864
510880
510944
510960
511044
511052
511112
511132
511184
511212
511252
511296
511436
511492
511620
511724
511736
511756
511792
511808
511944
511968
512024
512088
512096
512108
512140
512144
512148
512164
512176
512200
512220
512224
512252
512264
512292
512340
512372
512420
512436
512476
512484
512504
512512
512592
512680
512688
512716
512732
512752
512756
512760
512780
512844
512896
512952
512980
513024
513148
513220
513248
513316
513356
513416
513436
513440
513464
513472
513492
513512
513548
513584
513596
513628
513680
513692
513740
513744
513776
513800
513844
513852
513860
513968
514004
514012
514056
514108
514136
514140
514144
514200
514208
514244
514248
514280
514324
514376
514384
514392
514452
514532
514556
514564
514644
514732
514780
514804
514808
514832
514864
514880
514948
514964
514976
514992
515036
515076
515084
515104
515108
515112
515120
515220
515288
515356
515396
515456
515580
515584
515588
515724
515740
515752
515776
515784
515816
515832
515840
515876
515928
515972
516044
516072
516084
516104
516196
516252
516344
516364
516380
516392
516396
516412
516448
516452
516508
516512
516536
516548
516552
516592
516624
516676
516684
516692
516740
516784
516812
516860
516896
516932
516984
516992
517012
517040
517044
517100
517136
517168
517216
517220
517304
517328
517348
517372
517416
517440
517468
517472
517496
517544
517628
517672
517740
517756
517764
517768
517792
517964
518016
518024
518052
518060
518164
518176
518192
518228
518268
518312
518412
518428
518500
518640
518668
518672
518744
518780
518804
518812
518828
518888
518892
518896
518912
518916
518960
518980
518996
519028
519068
519140
519152
519164
519168
519212
519340
519344
519400
519416
519476
519500
519504
519528
519576
519596
519620
519656
519672
519716
519808
519848
519936
520032
520044
520144
520204
520256
520348
520356
520396
520508
520520
520544
520580
520612
520652
520724
520752
520772
520816
520820
520864
520876
520904
520928
520944
520968
521032
521048
521104
521156
521168
521184
521200
521320
521412
521432
521524
521600
521660
521692
521756
521800
521828
521840
521952
521992
522020
522048
522080
522084
522228
522256
522272
522348
522364
522368
522376
522428
522508
522544
522560
522584
522592
522620
522700
522740
522776
522788
522824
522844
522880
522892
522932
522976
523040
523160
523208
523236
523244
523284
523328
523392
523396
523424
523460
523464
523488
523496
523516
523536
523544
523552
523560
523572
523580
523628
523632
523664
523680
523688
523704
523720
523732
523804
523816
523884
523916
523952
523964
524036
524048
524068
524180
524204
524224
524240
524324
524360
524444
524460
524468
524616
524624
524644
524680
524720
524724
524740
524776
524792
524820
524828
524876
524960
524992
525028
525036
525052
525064
525076
525100
525128
525192
525200
525212
525220
525224
525260
525324
525408
525428
525484
525504
525520
525536
525540
525552
525584
525640
525652
525668
525692
525748
525756
525848
525864
525896
525944
525984
526004
526036
526052
526080
526100
526108
526120
526152
526208
526292
526296
526372
526388
526436
526448
526472
526504
526512
526604
526668
526688
526704
526712
526808
526844
526872
526900
526976
526984
526988
527092
527160
527164
527192
527212
527240
527264
527268
527296
527332
527428
527456
527564
527568
527572
527584
527612
527624
527708
527808
527816
527824
527836
527844
527848
527852
527856
527864
527876
527908
527932
527948
527972
527996
528044
528096
528100
528104
528136
528304
528328
528332
528348
528396
528432
528464
528468
528520
528524
528620
528628
528648
528668
528672
528812
528832
528836
528864
528900
528964
529040
529132
529136
529220
529300
529332
529340
529364
529368
529392
529496
529584
529648
529652
529656
529712
529748
529840
529868
529916
529984
530000
530084
530272
530376
530448
530504
530508
530516
530520
530540
530552
530576
530580
530588
530608
530628
530688
530728
530744
530848
530860
530908
530912
530940
530952
530956
530972
530984
531008
531012
531128
531152
531168
531184
531204
531212
531248
531268
531272
531292
531356
531372
531384
531460
531476
531532
531616
531660
531664
531672
531764
531768
531800
531848
531868
531940
531952
532000
532028
532168
532284
532304
532344
532472
532552
532612
532632
532640
532652
532720
532752
532848
532940
533012
533032
533092
533108
533128
533148
533164
533180
533208
533224
533240
533264
533276
533288
533296
533360
533380
533392
533416
533504
533512
533532
533548
533600
533652
533680
533724
533744
533756
533768
533792
533800
533864
533876
533892
533900
533968
534012
534044
534064
534068
534092
534104
534144
534148
534172
534184
534216
534320
534360
534372
534488
534568
534596
534624
534668
534676
534736
534800
534820
534864
534900
534940
534956
535024
535048
535152
535180
535272
535280
535348
535364
535436
535460
535472
535492
535520
535528
535548
535632
535640
535660
535684
535688
535732
535796
535804
535808
535812
535832
535844
535856
535940
535984
536000
536024
536036
536048
536116
536144
536160
536164
536172
536232
536284
536288
536316
536376
536420
536424
536448
536456
536528
536532
536540
536640
536656
536672
536692
536736
536780
536784
536792
536908
536964
537000
537040
537060
537104
537152
537196
537212
537232
537240
537260
537280
537292
537392
537432
537452
537484
537504
537508
537532
537560
537564
537572
537616
537632
537700
537748
537764
537820
537844
537908
537924
537932
537960
537968
537980
537996
538000
538040
538096
538120
538140
538152
538184
538212
538216
538304
538348
538392
538404
538464
538500
538532
538580
538600
538672
538692
538736
538768
538832
538924
539000
539004
539016
539024
539084
539088
539112
539144
539168
539212
539228
539232
539256
539260
539272
539300
539328
539336
539380
539396
539444
539448
539468
539484
539504
539524
539548
539588
539612
539652
539716
539724
539736
539840
539912
539920
539932
539940
539980
540060
540112
540212
540224
540240
540248
540308
540348
540400
540500
540556
540564
540604
540624
540644
540668
540672
540680
540708
540732
540736
540740
540744
540752
540824
540836
540908
540928
540992
540996
541012
541016
541024
541040
541068
541120
541160
541184
541312
541348
541352
541388
541436
541452
541488
541536
541556
541676
541684
541780
541788
541892
542012
542020
542040
542068
542112
542116
542144
542300
542324
542336
542348
542380
542404
542440
542472
542480
542524
542608
542612
542656
542684
542720
542752
542800
542852
542924
542940
542948
543008
543020
543092
543116
543140
543144
543188
543244
543252
543260
543272
543340
543360
543396
543452
543468
543532
543612
543664
543668
543684
543696
543700
543740
543776
543864
543868
543872
543920
544000
544012
544056
544096
544152
544204
544296
544308
544368
544460
544540
544636
544664
544676
544776
544784
544820
544872
544936
544980
545008
545048
545092
545096
545100
545132
545136
545160
545236
545260
545288
545316
545336
545380
545456
545524
545568
545600
545604
545612
545624
545628
545720
545736
545740
545808
545820
545896
545968
546028
546044
546056
546116
546164
546188
546196
546200
546216
546296
546312
546316
546360
546492
546496
546500
546604
546620
546636
546652
546764
546792
546820
546828
546832
546868
546872
546896
546952
546980
547004
547028
547044
547052
547068
547088
547248
547304
547312
547316
547352
547360
547376
547500
547528
547548
547640
547696
547764
547784
547840
547844
547896
547996
548024
548032
548036
548044
548068
548120
548184
548212
548220
548292
548372
548416
548428
548444
548540
548544
548552
548680
548684
548696
548704
548720
548724
548800
548816
548852
548872
548888
548976
548984
549040
549152
549156
549188
549220
549284
549292
549332
549336
549368
549380
549392
549556
549620
549696
549704
549856
549860
549884
549920
549948
549980
550032
550104
550124
550136
550148
550160
550244
550276
550292
550364
550396
550432
550444
550448
550484
550488
550496
550516
550564
550600
550608
550628
550644
550664
550668
550672
550712
550820
550848
550860
550892
550900
550904
550920
550952
551004
551068
551116
551144
551152
551180
551252
551264
551272
551288
551328
551356
551396
551404
551436
551440
551508
551540
551544
551652
551656
551672
551688
551748
551764
551768
551776
551804
551820
551856
551956
552036
552076
552080
552216
552232
552320
552332
552336
552428
552432
552444
552448
552520
552596
552700
552752
552776
552784
552796
552860
552868
552912
552916
552932
552940
553100
553112
553120
553156
553184
553244
553296
553352
553412
553436
553456
553508
553512
553552
553568
553620
553692
553744
553756
553812
553856
553924
553928
553948
554056
554080
554092
554136
554156
554164
554192
554248
554264
554268
554280
554312
554332
554368
554372
554424
554432
554480
554516
554520
554644
554704
554744
554784
554800
554932
554948
554984
555004
555032
555080
555108
555116
555136
555152
555176
555288
555304
555404
555436
555440
555488
555584
555628
555648
555652
555668
555760
555792
555820
555848
555976
556032
556080
556116
556144
556220
556256
556280
556304
556332
556388
556412
556472
556492
556516
556520
556548
556616
556656
556660
556664
556684
556688
556724
556728
556772
556808
556860
556872
556936
556944
556964
557020
557040
557076
557084
557108
557116
557152
557204
557252
557288
557320
557356
557396
557416
557440
557536
557552
557564
557644
557704
557708
557740
557760
557776
557792
557852
557880
557888
557900
557920
557984
558028
558068
558076
558112
558132
558156
558260
558300
558308
558340
558348
558392
558492
558508
558624
558800
558812
558852
558916
559028
559040
559084
559092
559124
559160
559236
559240
559244
559304
559348
559352
559364
559376
559392
559420
559456
559464
559468
559484
559520
559540
559552
559596
559616
559688
559720
559772
559892
559912
559920
559932
559972
559992
560036
560060
560072
560084
560104
560108
560128
560204
560388
560420
560444
560504
560576
560588
560596
560624
560688
560692
560720
560752
560756
560840
560868
560876
560884
560892
560904
560924
560940
560984
561064
561068
561080
561144
561148
561152
561176
561268
561284
561324
561332
561336
561368
561404
561444
561484
561516
561556
561604
561640
561696
561756
561840
561848
561876
561896
561912
561952
561980
561992
562008
562052
562136
562144
562160
562184
562192
562244
562256
562276
562348
562368
562380
562472
562512
562540
562592
562604
562668
562688
562712
562760
562828
562944
562996
563020
563052
563072
563096
563108
563208
563312
563388
563408
563420
563524
563536
563576
563612
563640
563660
563696
563720
563732
563808
563824
563828
563836
563844
563872
563900
563948
563952
563972
564020
564040
564068
564132
564220
564256
564260
564276
564284
564288
564360
564368
564396
564412
564424
564500
564544
564592
564628
564684
564704
564740
564796
564808
564860
564864
564920
564932
564944
564960
565004
565008
565012
565016
565064
565076
565104
565180
565212
565216
565312
565340
565376
565412
565532
565540
565564
565604
565620
565664
565688
565712
565728
565768
565788
565792
565880
565904
565916
565932
565936
565960
565964
566040
566108
566120
566132
566152
566168
566232
566236
566264
566272
566344
566360
566400
566428
566448
566552
566572
566616
566624
566636
566692
566736
566740
566744
566792
566812
566852
566916
567060
567076
567084
567132
567148
567168
567200
567268
567272
567280
567296
567304
567356
567380
567384
567464
567520
567548
567616
567624
567672
567732
567744
567780
567808
567812
567820
567848
567860
567916
567952
568028
568084
568140
568172
568192
568212
568232
568324
568340
568360
568364
568372
568380
568392
568416
568452
568532
568560
568572
568596
568604
568780
568828
568896
568900
568912
568948
568992
569008
569024
569072
569076
569144
569148
569152
569164
569180
569228
569284
569288
569296
569348
569388
569472
569564
569604
569724
569764
569792
569804
569816
569948
569956
569996
570000
570012
570032
570052
570156
570180
570256
570268
570272
570284
570292
570304
570308
570352
570404
570432
570440
570444
570452
570552
570640
570668
570716
570720
570896
570920
570948
570968
571024
571048
571088
571172
571312
571332
571340
571488
571496
571560
571568
571592
571596
571636
571712
571760
571776
571852
571868
571872
571952
572016
572060
572092
572120
572140
572172
572200
572208
572228
572260
572264
572312
572336
572392
572412
572420
572484
572496
572520
572532
572540
572600
572720
572744
572776
572888
572896
572928
572936
572952
572980
572984
573008
573036
573064
573108
573236
573248
573260
573344
573352
573380
573392
573404
573500
573548
573580
573644
573652
573672
573708
573736
573748
573796
573864
573932
573972
573980
573992
574064
574088
574104
574116
574156
574196
574220
574260
574324
574368
574372
574420
574428
574472
574492
574500
574540
574640
574748
574756
574804
574832
574856
574864
574932
574952
574980
575008
575040
575056
575080
575084
575124
575140
575144
575168
575200
575232
575336
575392
575480
575540
575596
575812
575828
575852
575876
575884
575904
575920
575988
575996
576048
576092
576136
576152
576176
576188
576228
576248
576312
576416
576428
576444
576464
576488
576492
576508
576512
576552
576556
576608
576628
576632
576740
576744
576800
576804
576976
577012
577032
577040
577108
577128
577136
577156
577192
577272
577276
577304
577364
577392
577448
577460
577524
577616
577668
577688
577704
577752
577772
577832
577852
577884
577900
577936
577984
577992
578116
578132
578172
578264
578308
578312
578332
578364
578384
578400
578420
578444
578472
578516
578536
578544
578564
578572
578580
578620
578636
578652
578668
578692
578704
578728
578768
578780
578812
578852
578860
578876
578936
578972
579008
579020
579180
579188
579228
579236
579264
579340
579356
579364
579424
579428
579532
579540
579568
579588
579620
579624
579644
579652
579684
579704
579712
579740
579764
579788
579792
579880
579908
579936
579956
579964
580008
580112
580128
580152
580224
580240
580252
580304
580352
580380
580388
580460
580488
580492
580524
580544
580560
580616
580652
580740
580744
580748
580776
580812
580828
580852
580880
580884
580952
581048
581060
581084
581140
581160
581248
581268
581332
581380
581408
581444
581500
581528
581564
581596
581604
581640
581660
581664
581668
581672
581708
581720
581772
581828
581896
581924
581948
581952
582044
582056
582092
582144
582212
582268
582280
582312
582332
582452
582492
582532
582548
582620
582644
582672
582716
582724
582736
582764
582788
582812
582852
582864
582872
582968
582976
583004
583072
583076
583080
583088
583100
583184
583240
583264
583332
583404
583408
583520
583536
583544
583548
583568
583608
583652
583680
583684
583712
583732
583748
583792
583800
583816
583828
583856
583908
583948
584024
584052
584096
584112
584180
584240
584264
584304
584396
584416
584436
584472
584564
584572
584580
584584
584588
584592
584684
584800
584828
584948
584952
584984
585032
585076
585080
585124
585160
585280
585344
585368
585508
585512
585572
585580
585620
585636
585644
585672
585696
585780
585796
585844
585852
585868
585892
585916
585924
585928
585952
585960
585992
586088
586104
586112
586124
586144
586184
586200
586272
586292
586356
586392
586396
586460
586508
586540
586544
586616
586624
586688
586760
586792
586904
586940
586972
586992
587008
587024
587040
587112
587280
587300
587384
587444
587464
587588
587596
587612
587696
587728
587744
587848
587944
587964
588008
588028
588056
588112
588164
588296
588372
588400
588468
588496
588500
588504
588512
588524
588536
588540
588580
588620
588632
588704
588732
588748
588812
588864
588876
588904
588932
588956
588972
588980
589000
589040
589052
589064
589108
589112
589124
589192
589260
589296
589340
589424
589456
589488
589532
589568
589576
589592
589616
589696
589736
589772
589836
589892
589928
589940
589952
589976
590048
590068
590100
590120
590128
590136
590244
590276
590320
590340
590360
590372
590380
590428
590432
590456
590568
590572
590620
590664
590684
590704
590764
590804
590808
590836
590964
590972
590984
590988
591000
591024
591032
591052
591060
591080
591172
591184
591200
591224
591240
591248
591252
591320
591348
591368
591376
591436
591504
591520
591524
591564
591572
591580
591592
591600
591632
591648
591720
591728
591788
591796
591856
591860
591920
591924
591996
592008
592052
592064
592068
592076
592264
592276
592284
592300
592328
592332
592340
592368
592564
592584
592644
592664
592672
592764
592780
592824
592836
592840
592844
593068
593072
593084
593120
593140
593148
593216
593300
593356
593372
593384
593396
593400
593432
593540
593572
593620
593636
593652
593660
593728
593744
593812
593816
593824
593924
593984
593988
594012
594244
594248
594260
594300
594332
594364
594408
594420
594428
594500
594552
594700
594740
594748
594764
594768
594852
594880
594916
594980
595052
595072
595076
595092
595108
595168
595172
595280
595340
595344
595372
595436
595456
595464
595500
595504
595520
595524
595532
595552
595624
595632
595652
595664
595700
595708
595724
595772
595780
595840
595892
595896
595940
595952
595956
596008
596024
596028
596032
596084
596100
596148
596180
596192
596204
596212
596220
596264
596292
596368
596400
596408
596424
596480
596504
596568
596652
596732
596752
596784
596812
596892
596912
596960
596968
597080
597104
597172
597264
597324
597344
597372
597436
597460
597508
597524
597548
597572
597604
597696
597716
597792
597820
597900
597972
598004
598016
598056
598100
598124
598180
598208
598228
598280
598292
598376
598388
598468
598472
598480
598508
598524
598632
598688
598692
598720
598772
598796
598832
598844
598908
598952
598972
598980
598996
599088
599096
599108
599216
599244
599264
599272
599288
599332
599372
599384
599388
599432
599452
599496
599532
599568
599636
599644
599692
599720
599792
599812
599816
599880
599920
600028
600096
600124
600148
600172
600344
600368
600396
600404
600424
600432
600476
600484
600496
600532
600564
600576
600580
600620
600680
600712
600764
600820
600824
600852
600872
600884
600916
600936
600960
600964
600992
601000
601084
601120
601124
601140
601188
601208
601260
601280
601292
601324
601352
601356
601364
601392
601408
601440
601456
601520
601532
601540
601548
601736
601764
601820
601828
601840
601860
601880
601904
601944
601960
601972
601980
602044
602052
602060
602072
602080
602128
602148
602196
602216
602220
602224
602228
602232
602268
602300
602340
602380
602412
602448
602476
602492
602540
602588
602612
602664
602736
602792
602804
602828
602876
602920
602944
602980
603008
603028
603044
603052
603092
603096
603152
603220
603240
603276
603280
603316
603332
603336
603428
603444
603560
603564
603700
603856
603892
603984
604016
604052
604172
604200
604204
604268
604292
604352
604356
604360
604400
604432
604452
604456
604472
604484
604496
604500
604524
604572
604580
604608
604624
604668
604688
604716
604724
604776
604824
604832
604856
604860
604912
604916
604988
605028
605048
605060
605084
605116
605152
605180
605184
605212
605244
605320
605332
605352
605416
605424
605436
605452
605584
605660
605684
605720
605780
605856
605868
605892
605948
605972
605996
606004
606008
606028
606048
606052
606104
606112
606152
606160
606172
606188
606220
606256
606264
606272
606280
606340
606364
606404
606440
606472
606552
606668
606680
606700
606704
606740
606760
606784
606788
606836
606864
606872
606876
606900
606932
607048
607100
607120
607152
607168
607196
607200
607204
607272
607280
607352
607420
607448
607452
607484
607520
607524
607624
607656
607676
607692
607756
607784
607796
607800
607840
607900
607924
607936
607956
607972
608024
608084
608092
608204
608212
608252
608264
608320
608360
608392
608420
608468
608476
608504
608568
608572
608588
608596
608720
608736
608748
608784
608800
608812
608828
608860
608880
608952
608988
609000
609008
609024
609032
609036
609056
609140
609220
609224
609232
609248
609272
609308
609312
609356
609472
609520
609580
609608
609616
609632
609640
609668
609700
609720
609728
609752
609776
609792
609828
609860
609916
609924
609972
610004
610024
610052
610148
610176
610212
610252
610332
610364
610388
610408
610428
610500
610504
610528
610556
610564
610612
610620
610644
610732
610756
610784
610912
610928
610948
610976
611016
611024
611044
611052
611080
611144
611148
611180
611200
611212
611264
611288
611344
611380
611384
611480
611564
611612
611620
611628
611668
611688
611732
611740
611844
611872
611900
611904
611912
611960
612052
612060
612124
612156
612168
612172
612208
612284
612320
612328
612336
612340
612368
612452
612572
612632
612668
612672
612724
612740
612780
612796
612940
612944
612956
612980
612984
613076
613084
613088
613104
613124
613248
613304
613312
613320
613384
613388
613472
613496
613504
613532
613644
613648
613652
613684
613712
613824
613832
613892
613904
614056
614156
614168
614180
614216
614240
614264
614300
614328
614352
614372
614384
614408
614452
614460
614468
614492
614512
614580
614616
614684
614692
614828
614888
614912
614928
614972
614984
615040
615044
615056
615104
615108
615128
615176
615184
615196
615216
615244
615320
615392
615408
615464
615504
615520
615524
615532
615540
615548
615608
615628
615680
615764
615792
615812
615896
615904
615980
615992
616052
616084
616092
616112
616116
616188
616196
616232
616252
616256
616296
616364
616372
616420
616440
616448
616472
616476
616492
616528
616540
616548
616616
616676
616848
616856
616924
616952
617032
617052
617060
617084
617096
617128
617200
617212
617224
617264
617312
617372
617376
617456
617556
617576
617588
617604
617628
617632
617640
617712
617920
617964
618016
618020
618052
618072
618104
618108
618116
618128
618152
618184
618200
618276
618284
618288
618316
618348
618352
618432
618436
618484
618564
618568
618600
618632
618640
618816
618828
618852
618856
618892
618908
618932
618940
618956
618976
618992
619028
619052
619072
619080
619088
619124
619140
619196
619264
619268
619300
619360
619364
619392
619432
619440
619448
619472
619500
619508
619516
619584
619612
619616
619644
619660
619664
619688
619692
619720
619752
619892
619908
619936
619964
620000
620020
620032
620036
620192
620348
620452
620480
620500
620504
620524
620564
620588
620608
620644
620668
620736
620740
620780
620944
620960
620972
621008
621012
621076
621124
621148
621168
621172
621240
621244
621260
621272
621328
621356
621364
621372
621476
621624
621680
621712
621788
621824
621848
621888
621908
622048
622052
622076
622096
622100
622112
622140
622160
622164
622204
622216
622220
622232
622252
622272
622320
622328
622384
622400
622516
622596
622604
622668
622688
622712
622768
622796
622808
622812
622876
622916
622920
622992
623008
623024
623120
623156
623164
623168
623192
623216
623228
623244
623256
623332
623344
623384
623392
623428
623440
623464
623524
623612
623624
623636
623652
623672
623764
623776
623812
623828
623884
623912
623920
623932
624004
624032
624068
624140
624316
624400
624480
624484
624516
624532
624572
624604
624620
624668
624700
624808
624812
624896
624920
625064
625124
625136
625192
625264
625312
625324
625344
625388
625416
625460
625480
625492
625496
625512
625576
625592
625596
625640
625652
625776
625780
625808
625828
625832
625884
625908
625940
625960
625964
626024
626060
626068
626072
626080
626100
626208
626240
626244
626300
626348
626420
626444
626464
626532
626572
626576
626604
626612
626632
626712
626752
626808
626852
626864
626936
627040
627060
627112
627136
627172
627272
627280
627292
627308
627340
627424
627456
627540
627580
627584
627700
627728
627740
627748
627816
627852
627864
627880
627936
627960
628028
628048
628076
628144
628208
628244
628292
628364
628440
628476
628516
628520
628608
628628
628644
628656
628700
628708
628712
628728
628760
628816
628844
628852
628860
628872
628900
628924
628964
629044
629104
629108
629140
629152
629184
629232
629240
629260
629268
629328
629364
629376
629380
629404
629472
629520
629540
629580
629608
629624
629664
629744
629804
629824
629924
629948
629968
629972
630028
630032
630076
630084
630100
630156
630176
630196
630296
630352
630384
630408
630524
630548
630632
630664
630680
630708
630744
630804
630916
630932
630940
631064
631088
631100
631120
631128
631156
631164
631184
631248
631292
631352
631380
631436
631472
631508
631556
631704
631708
631744
631760
631796
631840
631876
631892
631896
631932
631992
631996
632004
632024
632032
632136
632144
632148
632180
632216
632256
632264
632284
632292
632328
632332
632384
632400
632444
632468
632564
632584
632640
632660
632668
632724
632732
632740
632792
632884
632900
632928
632932
632948
632956
632964
632976
632984
633048
633056
633116
633136
633156
633160
633184
633224
633236
633320
633376
633408
633440
633452
633464
633488
633516
633524
633536
633560
633588
633676
633684
633748
633788
633796
633800
633812
633832
633856
633892
633956
634012
634020
634024
634112
634132
634152
634180
634208
634216
634228
634256
634292
634384
634472
634596
634612
634712
634732
634880
634908
634928
634956
634984
634992
635048
635064
635092
635100
635124
635160
635168
635216
635240
635284
635408
635428
635516
635552
635644
635676
635684
635772
635776
635792
635812
635908
635952
635956
636036
636224
636324
636332
636432
636448
636504
636532
636548
636612
636632
636644
636712
636720
636736
636772
636888
636936
636980
637008
637072
637084
637088
637120
637140
637168
637340
637384
637420
637424
637440
637464
637468
637472
637552
637584
637616
637780
637792
637844
637860
637972
637996
638032
638096
638120
638128
638144
638164
638212
638240
638288
638292
638340
638360
638376
638380
638408
638500
638504
638544
638592
638620
638628
638672
638700
638756
638760
638852
638904
639068
639092
639100
639116
639128
639156
639208
639212
639268
639272
639300
639332
639344
639356
639368
639436
639460
639500
639508
639536
639568
639596
639628
639716
639764
639772
639800
639816
639824
639852
639856
639860
639908
639920
639960
640012
640068
640088
640096
640112
640124
640140
640184
640196
640220
640244
640328
640352
640376
640380
640392
640412
640424
640464
640472
640492
640556
640608
640612
640740
640784
640812
640832
641004
641012
641028
641040
641060
641064
641076
641164
641172
641180
641200
641216
641236
641248
641256
641284
641300
641308
641400
641404
641496
641504
641532
641540
641584
641608
641648
641668
641684
641712
641720
641724
641740
641836
641860
641888
641892
641924
641960
641976
641984
642076
642084
642092
642128
642252
642272
642344
642376
642396
642408
642448
642468
642476
642484
642488
642496
642504
642536
642692
642720
642732
642768
642800
642812
642860
642932
642936
642984
643076
643100
643152
643260
643272
643280
643376
643408
643496
643548
643560
643600
643604
643616
643640
643656
643664
643712
643720
643724
643764
643832
643840
643892
643912
643964
643972
643992
644008
644100
644104
644140
644144
644164
644176
644216
644340
644384
644428
644456
644492
644496
644512
644528
644532
644540
644552
644576
644612
644668
644692
644744
644780
644784
644844
644848
644916
644924
644972
645004
645024
645032
645052
645056
645068
645072
645196
645276
645360
645424
645532
645548
645560
645600
645604
645652
645780
645820
645900
645904
645932
646012
646064
646088
646152
646160
646244
646260
646316
646352
646368
646372
646404
646424
646428
646432
646436
646472
646480
646508
646536
646564
646576
646580
646592
646620
646676
646688
646748
646752
646760
646772
647024
647044
647144
647272
647304
647384
647396
647480
647492
647628
647648
647668
647684
647720
647724
647740
647752
647836
647860
647880
647908
647924
647940
647944
647956
647968
648004
648080
648096
648136
648188
648208
648224
648244
648256
648276
648344
648384
648428
648452
648496
648508
648572
648696
648740
648848
648980
648992
649000
649012
649028
649032
649160
649168
649204
649256
649264
649280
649312
649328
649376
649392
649436
649452
649480
649496
649504
649536
649552
649580
649628
649636
649644
649672
649684
649776
649792
649832
649852
649856
649860
649880
650000
650076
650096
650112
650120
650152
650180
650240
650272
650344
650356
650380
650404
650476
650496
650528
650544
650552
650568
650608
650612
650616
650632
650644
650728
650804
650832
650868
650904
650972
651000
651016
651044
651148
651164
651212
651260
651284
651316
651356
651360
651392
651412
651436
651464
651496
651504
651552
651560
651588
651616
651700
651704
651732
651784
651860
651864
651948
651972
652008
652036
652088
652092
652144
652156
652172
652232
652304
652324
652332
652336
652372
652448
652472
652540
652560
652596
652632
652640
652648
652764
652772
652780
652800
652840
652856
652920
653068
653108
653128
653216
653316
653340
653344
653348
653384
653404
653424
653480
653536
653548
653552
653568
653604
653612
653628
653632
653660
653676
653680
653704
653748
653808
653844
653908
653912
653932
654072
654100
654104
654116
654128
654140
654152
654164
654180
654188
654220
654248
654312
654436
654504
654536
654584
654672
654772
654780
654800
654816
654828
654888
654936
655112
655232
655312
655412
655484
655504
655512
655556
655600
655640
655692
655752
655796
655824
655836
655844
655852
655860
655952
656004
656008
656016
656076
656084
656092
656116
656120
656140
656160
656180
656184
656236
656300
656376
656492
656552
656564
656572
656576
656580
656664
656708
656812
656840
656880
656896
656972
657012
657068
657160
657248
657268
657280
657316
657328
657364
657380
657500
657512
657532
657600
657624
657636
657656
657672
657708
657776
657888
657904
657980
658184
658248
658304
658308
658336
658340
658352
658388
658444
658520
658568
658612
658660
658672
658756
658780
658788
658792
658804
658844
658904
658912
658916
658988
659000
659012
659072
659112
659120
659172
659192
659240
659252
659280
659432
659476
659528
659564
659624
659688
659712
659728
659744
659836
659884
659900
659912
659948
659984
660016
660072
660116
660120
660136
660148
660152
660176
660180
660232
660260
660272
660296
660304
660316
660320
660340
660356
660360
660380
660416
660440
660468
660480
660484
660512
660640
660652
660732
660736
660740
660776
660792
660824
660848
660884
660928
660932
660940
660984
661020
661052
661112
661124
661136
661156
661200
661264
661272
661292
661304
661328
661332
661348
661384
661424
661476
661492
661564
661656
661704
661728
661740
661748
661864
661872
661892
661908
661936
662084
662108
662120
662164
662180
662236
662396
662420
662452
662536
662552
662588
662608
662628
662672
662816
662836
662860
662892
662900
663008
663044
663140
663152
663216
663224
663252
663292
663296
663512
663560
663580
663644
663652
663676
663720
663728
663784
663792
663820
663860
663888
663896
663908
664000
664076
664100
664104
664124
664160
664248
664304
664376
664388
664420
664456
664468
664512
664532
664660
664692
664708
664756
664764
664772
664836
664976
664980
665000
665056
665060
665084
665104
665140
665164
665168
665240
665256
665380
665412
665448
665484
665552
665664
665888
665900
665904
665996
666024
666028
666128
666260
666276
666284
666352
666408
666436
666444
666464
666480
666488
666548
666596
666672
666732
666760
666772
666780
666884
666924
666940
666948
666968
667004
667024
667104
667136
667156
667264
667292
667324
667400
667424
667428
667520
667540
667596
667640
667648
667660
667740
667808
667824
667876
667884
667976
668000
668020
668032
668072
668264
668292
668300
668312
668332
668380
668460
668532
668548
668564
668584
668604
668612
668668
668732
668740
668744
668780
668800
668860
668864
668900
668944
669004
669092
669220
669224
669260
669372
669404
669440
669448
669488
669620
669640
669664
669700
669752
669808
669840
669848
669860
669908
669928
669936
669956
669964
669992
670044
670088
670096
670132
670152
670196
670208
670228
670272
670296
670328
670336
670372
670376
670460
670568
670600
670624
670748
670756
670796
670804
670816
670832
670868
670908
670980
671020
671024
671048
671124
671136
671152
671208
671212
671216
671236
671272
671288
671336
671356
671372
671388
671420
671468
671484
671540
671596
671612
671664
671684
671756
671828
671840
671952
671960
671980
672000
672052
672080
672100
672108
672128
672160
672232
672252
672304
672312
672344
672352
672356
672368
672380
672384
672412
672452
672496
672532
672576
672580
672596
672608
672616
672652
672692
672720
672800
672812
672868
672872
672884
672892
672940
672960
673004
673028
673032
673044
673072
673088
673124
673140
673196
673340
673360
673388
673392
673404
673408
673464
673504
673540
673604
673648
673656
673724
673732
673736
673752
673808
673864
673876
673900
673924
673976
674012
674048
674052
674076
674088
674092
674148
674156
674180
674192
674240
674328
674368
674452
674484
674500
674544
674564
674576
674596
674612
674636
674688
674696
674724
674740
674752
674764
674792
674804
674888
675016
675096
675140
675164
675184
675212
675240
675328
675340
675384
675392
675416
675524
675548
675556
675580
675600
675604
675620
675628
675632
675788
675836
675844
675872
675880
675980
676000
676012
676028
676104
676132
676176
676180
676220
676300
676304
676308
676344
676348
676364
676376
676388
676424
676452
676524
676528
676544
676552
676556
676560
676572
676608
676644
676676
676732
676752
676768
676776
676788
676832
676852
676880
676916
676924
676948
676992
677040
677116
677120
677132
677172
677204
677256
677312
677348
677352
677356
677392
677432
677440
677512
677552
677564
677604
677644
677648
677680
677732
677756
677812
677828
677860
677912
677992
678008
678012
678124
678128
678164
678188
678268
678300
678308
678356
678380
678404
678412
678432
678440
678488
678500
678568
678748
678756
678764
678820
678864
678912
678936
678944
678952
678968
678980
679064
679200
679232
679260
679332
679344
679364
679424
679456
679472
679484
679496
679520
679584
679604
679692
679764
679792
679828
679856
679884
679916
679924
679952
680032
680060
680144
680192
680240
680264
680312
680340
680352
680360
680380
680388
680420
680424
680500
680512
680528
680532
680624
680680
680716
680756
680820
680836
680856
680932
680988
681024
681064
681068
681092
681108
681144
681148
681176
681216
681312
681324
681332
681348
681456
681460
681464
681500
681512
681524
681568
681596
681604
681612
681628
681652
681680
681704
681720
681760
681772
681780
681792
681800
681816
681844
681864
681872
681944
681992
681996
682012
682152
682172
682220
682224
682228
682328
682376
682388
682436
682448
682460
682464
682476
682536
682556
682580
682584
682592
682604
682612
682724
682728
682772
682800
682844
682860
682868
682912
682928
682972
683048
683068
683112
683132
683232
683252
683256
683300
683368
683384
683392
683420
683448
683472
683480
683500
683564
683652
683752
683808
683836
683840
683900
683916
683944
684040
684056
684060
684064
684084
684104
684124
684132
684172
684228
684264
684308
684348
684368
684412
684440
684464
684492
684496
684516
684548
684592
684644
684652
684744
684776
684804
684852
684872
684888
684908
685092
685104
685136
685180
685184
685232
685268
685316
685320
685324
685456
685460
685484
685532
685580
685632
685672
685708
685736
685832
685852
685976
685988
685992
686004
686092
686100
686112
686168
686280
686384
686388
686420
686444
686456
686496
686508
686604
686616
686636
686660
686676
686692
686720
686728
686732
686780
686784
686792
686876
686896
687080
687092
687136
687232
687248
687264
687324
687380
687424
687432
687480
687512
687560
687568
687604
687648
687760
687792
687844
687848
687872
687948
688012
688016
688040
688064
688072
688092
688156
688184
688256
688260
688340
688348
688432
688436
688520
688544
688640
688688
688692
688708
688776
688816
688820
688848
688856
688864
688876
688928
688964
689012
689072
689084
689144
689156
689160
689164
689240
689248
689252
689300
689312
689352
689380
689408
689412
689416
689452
689492
689524
689532
689572
689592
689608
689640
689668
689772
689808
689840
689872
689920
689928
689984
690032
690052
690076
690160
690164
690168
690172
690200
690292
690344
690348
690360
690432
690472
690496
690504
690512
690596
690600
690620
690644
690680
690700
690728
690740
690748
690892
690928
690936
690956
691012
691064
691104
691116
691204
691208
691256
691312
691328
691412
691440
691536
691568
691636
691664
691680
691708
691712
691748
691764
691856
691880
691928
691932
691964
692104
692108
692160
692196
692276
692292
692300
692348
692384
692404
692528
692540
692552
692804
692808
692884
692932
692952
692992
693008
693048
693056
693080
693100
693120
693176
693212
693280
693308
693336
693364
693436
693444
693456
693472
693512
693584
693644
693700
693748
693804
693808
693868
693872
693884
693904
693912
693940
694000
694164
694184
694196
694236
694248
694336
694340
694376
694400
694448
694464
694504
694532
694616
694632
694680
694736
694784
694808
694848
694876
694892
694896
694928
694960
695012
695024
695184
695228
695244
695248
695260
695276
695284
695368
695372
695472
695508
695528
695580
695596
695604
695612
695620
695676
695716
695920
695932
695948
696012
696056
696084
696104
696140
696164
696256
696300
696304
696380
696416
696424
696452
696552
696572
696604
696620
696840
696844
696864
696892
696964
696972
697012
697064
697088
697124
697132
697232
697272
697308
697316
697332
697348
697396
697488
697524
697556
697580
697592
697600
697620
697684
697692
697740
697776
697804
697832
697852
697936
697952
697980
698016
698084
698168
698204
698224
698320
698336
698368
698432
698504
698516
698540
698552
698824
698856
698888
698960
698972
699024
699056
699080
699132
699188
699208
699224
699240
699272
699280
699344
699416
699420
699468
699476
699488
699492
699512
699524
699632
699644
699700
699728
699776
699792
699896
699916
699960
700108
700112
700156
700168
700188
700232
700316
700328
700420
700436
700440
700464
700476
700500
700532
700548
700580
700692
700708
700744
700748
700772
700820
700844
700860
700864
701004
701016
701040
701056
701168
701184
701220
701264
701284
701292
701296
701336
701360
701444
701448
701480
701508
701520
701540
701544
701556
701596
701628
701648
701680
701700
701760
701764
701808
701840
701920
702032
702052
702100
702128
702164
702204
702240
702256
702268
702276
702292
702464
702512
702584
702592
702604
702620
702692
702740
702744
702772
702788
702820
702824
702844
702860
702920
703088
703100
703112
703136
703144
703160
703208
703240
703264
703280
703284
703324
703492
703500
703520
703528
703544
703580
703600
703628
703660
703700
703740
703796
703824
703900
703912
703948
703964
704028
704032
704120
704132
704164
704364
704432
704468
704480
704496
704504
704508
704552
704588
704636
704676
704704
704732
704816
704852
704872
704876
704936
704964
704976
704984
705000
705012
705028
705056
705084
705120
705140
705188
705232
705372
705424
705432
705452
705532
705588
705616
705620
705692
705700
705712
705768
705812
705896
705904
705956
706020
706056
706092
706136
706180
706204
706216
706240
706268
706300
706336
706448
706484
706520
706600
706628
706660
706672
706688
706784
706792
706944
706952
706964
707016
707052
707056
707064
707084
707100
707160
707240
707280
707300
707304
707312
707316
707336
707424
707504
707524
707532
707540
707676
707708
707720
707752
707756
707804
707844
707856
707916
707944
707984
707988
707996
708036
708044
708052
708056
708180
708212
708248
708276
708344
708360
708364
708400
708476
708492
708504
708532
708540
708584
708604
708736
708764
708800
708812
708820
708836
708844
708872
708892
708936
709012
709032
709068
709080
709120
709124
709160
709176
709184
709212
709220
709244
709296
709304
709320
709332
709356
709360
709492
709540
709608
709640
709676
709684
709692
709708
709712
709736
709752
709772
709824
709836
709872
709996
710032
710068
710116
710156
710184
710236
710304
710312
710324
710328
710340
710348
710396
710444
710448
710464
710520
710536
710552
710664
710692
710696
710768
710844
710880
710908
710972
710976
710984
711008
711028
711032
711084
711152
711168
711176
711208
711292
711320
711376
711440
711456
711508
711512
711572
711596
711692
711704
711748
711784
711796
711808
711892
711920
711956
711964
711976
711984
712000
712124
712128
712144
712148
712228
712236
712308
712352
712372
712392
712400
712420
712428
712480
712524
712648
712652
712664
712712
712720
712776
712784
712788
712824
712832
712848
712852
712868
712952
712968
712972
713000
713008
713056
713084
713092
713108
713112
713216
713220
713276
713344
713348
713392
713400
713428
713472
713492
713504
713516
713572
713652
713688
713708
713724
713924
713932
713960
713968
713992
714008
714044
714156
714160
714176
714244
714288
714332
714396
714444
714452
714472
714536
714552
714568
714580
714608
714620
714632
714704
714724
714728
714736
714752
714772
714896
714932
714972
714980
715024
715056
715064
715120
715148
715152
715164
715196
715252
715276
715292
715296
715368
715380
715424
715484
715492
715504
715616
715668
715736
715744
715772
715796
715808
715828
715848
715920
716008
716016
716092
716116
716136
716160
716172
716204
716212
716216
716264
716416
716428
716480
716496
716528
716552
716572
716604
716620
716684
716732
716752
716856
717044
717052
717068
717100
717144
717164
717172
717180
717276
717284
717312
717380
717404
717544
717564
717584
717600
717604
717644
717704
717712
717744
717760
717808
717940
717964
717968
717980
717992
718004
718012
718032
718096
718176
718320
718392
718412
718428
718448
718460
718472
718536
718580
718592
718612
718644
718692
718764
718768
718784
718796
718808
718832
718860
718880
718924
718944
719012
719016
719056
719072
719104
719112
719120
719124
719144
719156
719232
719236
719308
719356
719396
719400
719408
719420
719432
719476
719480
719484
719516
719588
719620
719684
719776
719844
719852
719900
719904
719908
720076
720104
720160
720176
720188
720212
720224
720248
720356
720400
720628
720632
720668
720740
720764
720768
720812
720832
720860
720964
721000
721056
721064
721084
721120
721128
721160
721200
721212
721244
721300
721316
721340
721356
721364
721384
721444
721452
721500
721536
721604
721672
721808
721812
721856
721868
721884
721904
721924
721948
721960
722024
722080
722092
722096
722100
722120
722148
722180
722184
722224
722280
722284
722288
722348
722352
722420
722424
722444
722508
722564
722616
722632
722672
722696
722712
722756
722768
722796
722864
722892
722900
722936
722948
722960
723032
723036
723048
723068
723100
723152
723164
723172
723248
723368
723472
723572
723584
723628
723632
723648
723652
723692
723704
723772
723804
723848
724020
724048
724096
724116
724128
724136
724144
724156
724164
724192
724244
724272
724324
724328
724352
724380
724388
724412
724424
724432
724452
724472
724552
724564
724604
724616
724648
724656
724660
724668
724720
724748
724772
724812
724856
724864
724872
724976
724992
725000
725048
725104
725132
725232
725244
725384
725404
725416
725424
725528
725532
725572
725668
725720
725740
725784
725792
725852
725860
725876
725888
725892
725924
725964
725972
726068
726132
726160
726172
726180
726208
726224
726312
726320
726504
726540
726544
726568
726572
726600
726628
726632
726684
726692
726764
726800
726824
726844
726924
726964
726992
727008
727040
727048
727132
727148
727232
727240
727264
727292
727316
727352
727388
727492
727496
727580
727608
727680
727708
727712
727764
727824
727876
727896
727904
727908
727936
727940
727964
727972
728084
728120
728140
728144
728148
728192
728212
728220
728256
728272
728296
728308
728328
728360
728384
728400
728408
728420
728584
728588
728592
728652
728680
728708
728724
728736
728756
728792
728848
728896
728924
728960
728984
729012
729056
729060
729080
729148
729204
729260
729340
729364
729424
729428
729436
729448
729456
729480
729492
729556
729568
729596
729600
729604
729640
729652
729668
729672
729700
729708
729732
729752
729780
729872
729896
729992
730052
730124
730176
730200
730272
730284
730304
730348
730400
730424
730460
730496
730500
730564
730612
730624
730628
730640
730680
730712
730732
730772
730792
730832
730920
730976
731028
731080
731108
731144
731156
731168
731212
731252
731312
731436
731524
731584
731616
731648
731744
731760
731780
731804
731868
731872
731940
731964
731996
732028
732040
732104
732108
732116
732140
732188
732220
732224
732228
732252
732284
732328
732332
732392
732412
732424
732488
732496
732552
732588
732648
732656
732692
732712
732732
732784
732788
732792
732920
733004
733016
733064
733092
733100
733112
733128
733264
733344
733348
733448
733480
733488
733504
733540
733592
733604
733652
733664
733692
733712
733764
733812
733840
733880
734052
734108
734124
734132
734136
734176
734208
734244
734324
734376
734404
734432
734460
734540
734596
734608
734624
734656
734660
734672
734736
734804
734884
734908
734932
734936
735008
735168
735252
735356
735364
735428
735452
735528
735548
735596
735604
735608
735636
735644
735720
735764
735776
735784
735788
735812
735828
735884
735904
735932
735968
736000
736032
736040
736108
736124
736168
736184
736196
736224
736228
736240
736260
736280
736340
736368
736428
736436
736444
736456
736480
736492
736556
736648
736656
736736
736808
736836
736880
736912
736940
736988
737036
737152
737156
737288
737292
737328
737380
737416
737492
737508
737540
737580
737636
737696
737720
737844
737852
737948
737956
737972
737984
737992
738012
738016
738032
738100
738116
738132
738152
738168
738172
738184
738188
738192
738220
738248
738256
738272
738308
738336
738352
738368
738412
738416
738464
738472
738760
738860
739004
739048
739076
739144
739148
739172
739256
739284
739388
739420
739452
739488
739496
739508
739556
739608
739612
739644
739668
739676
739720
739760
739840
739920
739956
740012
740096
740112
740116
740216
740228
740236
740312
740320
740364
740408
740512
740516
740600
740616
740704
740744
740776
740816
740820
740860
740932
740936
740984
741048
741092
741128
741188
741248
741264
741324
741332
741372
741428
741464
741504
741516
741520
741552
741568
741588
741608
741652
741656
741700
741712
741720
741800
741868
741876
741932
741936
741940
741968
741980
742044
742052
742080
742088
742092
742108
742132
742156
742200
742204
742304
742324
742328
742352
742364
742448
742476
742512
742568
742580
742604
742636
742660
742700
742760
742844
742856
742892
742912
742940
742960
742988
743056
743064
743172
743192
743252
743476
743484
743504
743556
743568
743600
743624
743632
743648
743672
743684
743696
743716
743744
743912
744064
744128
744136
744148
744232
744248
744288
744296
744316
744320
744352
744428
744452
744460
744524
744556
744648
744764
744776
744792
744844
744880
745040
745104
745172
745248
745264
745268
745296
745300
745340
745396
745424
745440
745492
745544
745628
745664
745700
745744
745760
745784
745856
745860
745880
745936
745940
745952
745972
745996
746000
746036
746144
746224
746228
746264
746320
746360
746368
746432
746524
746528
746572
746684
746732
746740
746796
746808
746824
746832
746920
746948
746972
746984
746988
747008
747020
747060
747168
747204
747232
747260
747280
747300
747384
747400
747420
747508
747512
747532
747564
747572
747588
747600
747664
747692
747700
747744
747852
747868
747884
747924
747984
748040
748052
748092
748100
748104
748132
748148
748196
748208
748212
748292
748308
748324
748336
748376
748400
748420
748468
748484
748524
748580
748596
748668
748700
748752
748768
748784
748832
748848
748852
748868
748896
748960
749024
749044
749056
749060
749072
749100
749108
749128
749216
749224
749252
749280
749336
749384
749440
749480
749512
749588
749612
749652
749724
749728
749732
749748
749780
749800
749868
749876
749888
749928
749932
749984
750056
750120
750128
750184
750220
750228
750296
750360
750368
750400
750404
750436
750448
750476
750480
750548
750572
750576
750584
750588
750624
750644
750652
750660
750740
750792
750812
750820
750824
750884
750908
750976
751012
751040
751044
751072
751100
751108
751124
751164
751240
751260
751368
751396
751456
751628
751696
751708
751764
751772
751776
751792
751800
751848
751856
752048
752088
752116
752144
752208
752264
752276
752376
752480
752500
752532
752564
752576
752608
752640
752692
752784
752836
752880
752952
752964
753188
753204
753272
753328
753376
753396
753420
753448
753532
753672
753676
753712
753808
753816
753836
753848
753916
753952
753956
754004
754008
754032
754064
754076
754096
754104
754112
754120
754132
754160
754172
754196
754228
754232
754280
754284
754364
754396
754424
754468
754484
754544
754636
754652
754656
754712
754720
754760
754852
754860
754880
754900
754928
754932
755040
755044
755084
755108
755132
755204
755276
755336
755344
755380
755408
755420
755448
755464
755504
755528
755580
755588
755628
755672
755708
755740
755804
755832
755848
755880
755912
755916
755940
755944
755980
756092
756132
756140
756148
756164
756192
756224
756284
756332
756344
756448
756464
756500
756564
756620
756640
756680
756708
756804
756808
756840
756948
757032
757040
757100
757136
757148
757164
757204
757212
757220
757252
757276
757392
757408
757416
757444
757452
757484
757504
757508
757544
757560
757628
757672
757700
757712
757780
757784
757796
757820
757896
757920
757968
757984
758136
758256
758288
758312
758316
758324
758348
758352
758388
758416
758432
758472
758496
758544
758612
758824
758876
758888
758900
758904
758908
758956
758960
759012
759152
759192
759264
759296
759360
759380
759392
759516
759524
759536
759628
759676
759716
759720
759732
759752
759836
759840
759844
759860
759944
760108
760124
760208
760232
760236
760328
760404
760416
760516
760552
760580
760668
760692
760724
760728
760748
760808
760820
760832
760836
760852
760864
760972
761012
761068
761096
761104
761124
761132
761172
761208
761260
761320
761324
761372
761404
761572
761624
761692
761704
761720
761740
761764
761816
761828
761908
761912
761932
761980
762068
762076
762124
762180
762236
762268
762276
762288
762320
762352
762360
762376
762384
762412
762428
762456
762540
762560
762580
762596
762608
762632
762848
762852
762888
762964
763160
763204
763224
763268
763304
763372
763408
763436
763484
763592
763624
763640
763644
763652
763664
763676
763700
763744
763828
763840
763876
763932
763944
763988
764000
764012
764032
764036
764040
764124
764156
764196
764212
764340
764348
764368
764372
764400
764476
764492
764500
764508
764596
764624
764672
764684
764744
764808
764836
764876
764940
765032
765048
765080
765116
765124
765128
765176
765184
765200
765212
765232
765260
765344
765348
765380
765428
765484
765564
765608
765632
765692
765708
765712
765716
765736
765752
765780
765788
765848
765904
765920
765944
765984
766016
766068
766096
766108
766124
766140
766180
766184
766192
766200
766240
766324
766352
766376
766384
766416
766452
766524
766528
766564
766576
766600
766644
766660
766700
766760
766856
766868
766956
767012
767028
767048
767104
767112
767116
767136
767140
767144
767172
767248
767364
767424
767432
767460
767524
767536
767552
767588
767600
767656
767732
767748
767784
767820
767840
767868
767872
767944
767960
767976
768008
768032
768068
768112
768116
768124
768128
768144
768232
768260
768296
768300
768356
768372
768400
768432
768452
768460
768480
768524
768656
768684
768700
768704
768720
768764
768792
768828
768944
769092
769168
769184
769208
769224
769244
769260
769344
769388
769472
769496
769532
769552
769636
769660
769756
769820
769840
769852
769908
769920
770016
770056
770088
770260
770308
770324
770380
770440
770444
770476
770500
770548
770552
770596
770648
770668
770692
770700
770736
770752
770816
770840
770928
770984
770996
771052
771060
771072
771092
771096
771184
771196
771212
771236
771240
771280
771304
771404
771512
771572
771668
771740
771828
771856
771872
771980
772004
772016
772032
772036
772040
772044
772052
772076
772104
772108
772116
772136
772152
772220
772260
772320
772396
772484
772496
772540
772572
772576
772620
772628
772648
772652
772664
772748
772788
772860
772880
772900
772916
772932
773040
773052
773096
773144
773152
773168
773236
773252
773256
773292
773296
773304
773332
773360
773412
773420
773468
773492
773500
773520
773528
773552
773556
773688
773732
773796
773852
773884
773900
773996
774020
774028
774048
774120
774140
774220
774224
774244
774308
774344
774348
774496
774524
774532
774544
774552
774572
774624
774640
774680
774708
774752
774776
774788
774844
774892
774952
775004
775016
775056
775084
775104
775112
775144
775180
775228
775280
775292
775356
775364
775392
775400
775424
775436
775520
775524
775540
775544
775628
775636
775664
775684
775708
775712
775760
775804
775820
775848
775856
775884
775904
775924
775928
775936
775972
775988
776020
776072
776076
776104
776108
776120
776192
776240
776272
776348
776420
776428
776444
776472
776496
776528
776540
776552
776580
776596
776636
776640
776660
776684
776696
776860
776868
776884
776908
776972
776992
777032
777044
777048
777176
777212
777224
777228
777252
777260
777280
777284
777308
777344
777364
777392
777472
777560
777608
777620
777624
777632
777680
777700
777724
777748
777752
777772
777800
777820
777856
777892
777944
777952
777968
778024
778028
778092
778100
778124
778144
778208
778232
778240
778292
778296
778312
778332
778368
778376
778436
778540
778544
778672
778688
778696
778704
778728
778868
778880
778908
778960
778984
778996
779016
779036
779044
779052
779080
779124
779172
779264
779324
779332
779408
779456
779520
779576
779584
779600
779632
779732
779828
779844
779856
779884
779888
779916
779932
779956
779984
780000
780124
780128
780132
780144
780164
780236
780244
780248
780276
780304
780312
780320
780324
780348
780384
780412
780440
780468
780476
780544
780564
780572
780576
780604
780608
780628
780632
780692
780712
780752
780808
781004
781076
781088
781096
781112
781136
781172
781192
781208
781220
781248
781260
781280
781328
781364
781376
781392
781420
781480
781580
781648
781672
781696
781724
781728
781784
781796
781880
781904
781924
781944
781952
781972
781980
782020
782116
782184
782204
782216
782240
782252
782300
782312
782376
782420
782428
782468
782476
782504
782508
782536
782684
782720
782796
782828
782888
782904
782908
782952
782988
783008
783012
783020
783024
783048
783104
783128
783168
783176
783232
783292
783336
783364
783412
783512
783520
783712
783812
783904
783916
784020
784048
784100
784112
784196
784200
784212
784232
784248
784268
784356
784464
784468
784540
784568
784632
784644
784700
784708
784756
784760
784828
784856
784912
784920
784932
785008
785040
785120
785136
785148
785208
785220
785280
785288
785324
785380
785452
785528
785588
785624
785668
785712
785760
785828
785896
785928
785980
786016
786020
786080
786128
786180
786200
786284
786304
786316
786344
786356
786360
786416
786432
786460
786472
786488
786612
786632
786640
786648
786660
786676
786828
786884
786900
786992
787016
787024
787052
787108
787132
787164
787256
787264
787352
787360
787368
787412
787444
787564
787592
787600
787612
787616
787620
787728
787804
787812
787828
787832
787844
787852
787912
788032
788096
788104
788124
788252
788348
788356
788360
788384
788388
788396
788412
788432
788480
788624
788644
788676
788684
788704
788712
788740
788768
788792
788844
788864
788876
788888
788944
789028
789068
789124
789128
789144
789180
789236
789272
789344
789376
789384
789392
789420
789460
789468
789476
789484
789492
789512
789524
789568
789576
789632
789644
789680
789684
789764
789800
789820
789824
789860
789888
789908
789928
789932
789992
790028
790048
790084
790132
790240
790304
790332
790372
790448
790460
790464
790468
790544
790572
790664
790720
790764
790792
790832
790904
790908
790940
791008
791080
791084
791108
791160
791192
791248
791396
791408
791420
791444
791588
791660
791728
791764
791808
791900
791932
791984
791988
792004
792044
792092
792096
792152
792200
792268
792276
792352
792392
792416
792492
792528
792584
792596
792600
792632
792656
792660
792680
792696
792820
792892
792904
792940
792980
793032
793136
793180
793232
793276
793316
793328
793380
793576
793592
793604
793664
793676
793688
793696
793792
793824
793904
793940
793956
793960
794024
794048
794084
794100
794108
794112
794128
794168
794228
794320
794500
794516
794544
794564
794572
794576
794640
794660
794672
794676
794760
794780
794824
794840
794852
794864
794892
794900
794936
794940
794944
794956
794964
794972
794992
795008
795104
795188
795216
795224
795228
795244
795284
795304
795364
795404
795488
795504
795608
795612
795656
795752
795764
795768
795776
795796
795808
795864
795868
795880
795980
795984
796008
796088
796132
796144
796148
796224
796272
796292
796336
796348
796420
796448
796476
796496
796544
796592
796632
796700
796768
796784
796916
796924
796928
796944
796980
796988
797064
797068
797072
797108
797124
797196
797216
797232
797304
797324
797336
797380
797520
797628
797644
797664
797708
797744
797768
797780
797784
797804
797820
797884
797924
797952
797980
798072
798076
798148
798200
798204
798244
798308
798352
798356
798368
798396
798420
798476
798512
798548
798708
798720
798764
798776
798792
798832
798848
798868
798884
798900
798924
798972
798980
799004
799044
799064
799088
799100
799184
799196
799212
799228
799332
799484
799504
799512
799532
799680
799696
799760
799800
799820
799836
799840
799880
799892
799896
799904
799924
799976
799980
799984
800008
800012
800016
800044
800048
800076
800148
800180
800192
800256
800284
800292
800380
800408
800436
800528
800544
800620
800664
800684
800720
800736
800744
800752
800760
800792
800912
800960
801020
801044
801160
801172
801184
801200
801212
801224
801228
801236
801284
801292
801336
801352
801408
801452
801460
801464
801488
801500
801556
801560
801604
801620
801664
801672
801712
801748
801760
801780
801816
801832
801836
801872
801896
801920
801948
802088
802092
802104
802108
802140
802148
802160
802164
802208
802216
802220
802232
802252
802276
802280
802316
802388
802556
802560
802592
802596
802644
802720
802736
802760
802784
802796
802824
802904
802984
802992
803008
803100
803132
803260
803264
803352
803364
803452
803492
803504
803580
803604
803636
803656
803712
803732
803744
803756
803760
803776
803784
803804
803840
803852
803940
803956
803964
804040
804044
804152
804188
804192
804224
804232
804248
804268
804320
804344
804416
804428
804440
804464
804548
804692
804720
804736
804748
804784
804804
804812
804836
804840
804864
804904
804912
804916
804920
804972
805004
805036
805064
805160
805252
805268
805332
805400
805456
805508
805548
805560
805616
805692
805704
805760
805792
805832
805892
805920
805960
805972
805988
806056
806072
806084
806100
806120
806136
806240
806260
806268
806308
806332
806348
806520
806540
806644
806672
806696
806736
806808
806912
806920
806932
806984
807032
807104
807136
807184
807200
807204
807208
807232
807240
807248
807296
807368
807400
807432
807488
807528
807572
807680
807708
807720
807772
807800
807848
807860
807872
807884
807920
807940
807956
808012
808032
808124
808152
808220
808328
808440
808516
808532
808584
808676
808684
808688
808760
808808
808832
808880
808912
808936
808952
809140
809144
809216
809232
809276
809288
809292
809312
809356
809372
809392
809404
809456
809508
809516
809600
809636
809644
809652
809708
809728
809808
809836
809864
809872
809952
809988
810008
810028
810032
810048
810060
810092
810120
810124
810148
810152
810200
810208
810292
810296
810300
810384
810460
810516
810580
810588
810600
810628
810728
810812
810832
810844
810860
810880
810912
810952
810960
810996
811036
811112
811128
811160
811180
811232
811236
811244
811252
811280
811328
811336
811356
811400
811412
811416
811428
811432
811516
811532
811552
811580
811604
811660
811664
811688
811772
811792
811824
811832
811840
811896
811916
811952
812064
812104
812132
812212
812224
812288
812308
812356
812360
812380
812400
812512
812528
812552
812588
812604
812676
812716
812752
812784
812816
812828
812832
812884
812896
812900
812924
813036
813140
813152
813192
813212
813284
813340
813344
813352
813380
813428
813452
813512
813560
813656
813684
813756
813788
813808
813812
813848
813892
813920
813940
814076
814120
814152
814172
814332
814352
814400
814424
814460
814480
814484
814492
814556
814584
814592
814632
814640
814660
814748
814836
814856
814908
814928
815016
815084
815096
815136
815144
815168
815172
815244
815264
815276
815296
815432
815452
815556
815588
815664
815668
815692
815732
815740
815748
815772
815780
815816
815892
815912
815952
815968
815972
816040
816080
816104
816108
816164
816168
816172
816176
816216
816224
816272
816288
816308
816348
816360
816384
816412
816420
816544
816556
816668
816684
816700
816708
816724
816748
816784
816792
816848
816852
816860
816880
816908
816960
816964
816976
817000
817004
817068
817140
817152
817160
817208
817252
817284
817300
817348
817376
817424
817484
817496
817512
817572
817592
817628
817692
817700
817708
817748
817768
817772
817792
817872
817896
817936
817964
818040
818056
818072
818096
818108
818196
818212
818216
818272
818304
818384
818400
818420
818428
818440
818448
818456
818464
818468
818476
818492
818572
818600
818632
818652
818740
818780
818812
818840
818852
818868
818876
818884
818904
818912
818992
819024
819044
819052
819056
819112
819116
819164
819204
819272
819312
819384
819400
819420
819476
819584
819604
819616
819624
819664
819672
819724
819776
819812
819856
819868
819884
819912
819948
819952
819960
820000
820032
820036
820100
820136
820196
820204
820268
820276
820280
820308
820324
820344
820360
820400
820480
820508
820540
820544
820640
820660
820672
820688
820700
820704
820780
820788
820796
820812
820824
820848
820884
820896
820900
820940
821012
821120
821164
821204
821292
821296
821320
821360
821416
821432
821436
821480
821500
821548
821552
821624
821640
821668
821684
821704
821732
821780
821832
821872
821884
821972
821976
821984
821992
821996
822012
822052
822080
822160
822164
822180
822188
822208
822220
822224
822300
822460
822464
822472
822488
822504
822536
822544
822552
822556
822588
822604
822668
822704
822728
822788
822832
822864
822872
822896
822900
822908
822936
822956
822964
823052
823080
823116
823144
823172
823188
823220
823224
823276
823332
823340
823396
823416
823424
823444
823508
823524
823528
823560
823668
823684
823696
823852
823908
823920
823948
824016
824028
824084
824120
824204
824268
824412
824428
824432
824448
824480
824492
824496
824564
824572
824576
824604
824672
824692
824704
824756
824764
824852
824880
824952
825036
825100
825104
825180
825240
825260
825272
825280
825308
825344
825384
825412
825460
825560
825572
825608
825616
825652
825712
825744
825772
825780
825832
825916
825980
826016
826032
826044
826076
826080
826084
826088
826120
826156
826224
826240
826248
826268
826300
826304
826356
826392
826424
826468
826536
826540
826584
826652
826660
826672
826680
826720
826728
826760
826844
826892
826980
826996
827044
827072
827088
827096
827120
827156
827168
827192
827220
827348
827368
827380
827392
827456
827464
827472
827484
827628
827648
827792
827840
827848
827868
827880
827900
827904
827924
827948
827952
827976
828008
828020
828044
828068
828080
828092
828124
828208
828228
828256
828276
828348
828400
828408
828436
828440
828492
828536
828608
828620
828740
828744
828808
828824
828860
828876
828928
828956
829024
829028
829032
829056
829160
829192
829208
829236
829248
829292
829300
829312
829352
829424
829436
829444
829480
829520
829524
829552
829604
829648
829660
829696
829700
829740
829748
829780
829788
829852
829864
829892
829896
829900
829920
829928
829976
829984
830012
830040
830064
830068
830120
830140
830148
830164
830172
830180
830356
830360
830384
830456
830516
830524
830532
830536
830540
830580
830676
830732
830760
830804
830816
830864
830944
831000
831012
831028
831048
831084
831116
831148
831152
831172
831200
831392
831396
831468
831476
831488
831496
831512
831516
831540
831568
831592
831788
831824
831896
831904
831912
831916
831964
831968
831972
832020
832028
832148
832160
832164
832336
832344
832372
832432
832456
832496
832584
832652
832664
832708
832736
832764
832768
832828
832876
832884
832944
832976
832988
833024
833100
833232
833252
833268
833300
833308
833316
833332
833372
833384
833520
833532
833540
833576
833648
833664
833680
833776
833804
833844
833856
833884
833888
833892
833988
834032
834072
834096
834152
834280
834324
834364
834416
834428
834452
834464
834512
834568
834600
834632
834680
834736
834756
834848
834884
834924
834936
834940
834980
835064
835076
835108
835144
835148
835160
835256
835320
835348
835356
835360
835368
835372
835404
835412
835428
835444
835464
835512
835612
835688
835716
835724
835744
835792
835800
835816
835820
835828
835856
835892
835904
835908
835928
835944
835964
836012
836048
836068
836116
836160
836240
836268
836304
836336
836360
836380
836420
836436
836500
836504
836520
836564
836592
836600
836668
836724
836732
836752
836816
836872
836888
836940
836956
837020
837052
837132
837192
837200
837236
837280
837284
837292
837308
837348
837364
837416
837452
837472
837500
837512
837516
837536
837552
837556
837624
837628
837664
837712
837728
837752
837788
837816
837832
837848
837876
837892
837908
837956
837984
838000
838004
838088
838132
838140
838180
838196
838212
838320
838344
838364
838380
838532
838536
838616
838628
838652
838676
838772
838816
838928
838952
838984
839000
839024
839040
839064
839096
839132
839180
839184
839192
839212
839348
839356
839380
839404
839420
839472
839644
839680
839768
839792
839892
839904
839912
840008
840052
840064
840104
840112
840140
840164
840216
840252
840268
840272
840352
840360
840368
840372
840480
840536
840552
840584
840624
840652
840660
840680
840692
840748
840808
840812
840884
840892
840896
840904
840944
840968
840980
841008
841028
841040
841084
841136
841164
841296
841388
841416
841444
841480
841560
841584
841612
841616
841632
841656
841724
841732
841740
841792
841836
841884
841892
841952
842068
842180
842232
842424
842572
842576
842612
842620
842624
842668
842676
842720
842800
842804
842884
842920
843004
843020
843060
843152
843292
843296
843360
843368
843424
843464
843488
843560
843592
843608
843612
843664
843740
843796
843836
843844
843924
844012
844052
844080
844104
844252
844340
844364
844376
844388
844424
844500
844516
844532
844552
844564
844568
844592
844608
844628
844732
844804
844824
844840
844852
844904
844944
844988
845004
845016
845084
845092
845124
845132
845224
845236
845240
845264
845348
845356
845364
845376
845400
845408
845432
845592
845608
845636
845652
845664
845720
845756
845764
845776
845984
846020
846044
846084
846132
846160
846164
846196
846208
846364
846372
846380
846476
846560
846584
846596
846624
846632
846644
846700
846748
846752
846800
846860
846896
846912
846916
846932
846940
846944
847024
847052
847156
847196
847200
847220
847272
847280
847300
847336
847380
847400
847412
847444
847452
847464
847472
847504
847508
847536
847560
847604
847608
847616
847660
847668
847704
847708
847724
847812
847832
847840
847892
847916
847940
848008
848096
848112
848224
848228
848252
848276
848288
848308
848324
848336
848392
848420
848424
848444
848464
848472
848516
848584
848616
848644
848668
848672
848712
848768
848784
848796
848864
848868
848884
848976
849068
849136
849144
849148
849152
849164
849272
849300
849324
849340
849360
849396
849484
849536
849584
849596
849620
849732
849772
849836
849848
849860
849872
849900
849920
849956
850020
850028
850096
850132
850156
850160
850164
850192
850268
850296
850324
850340
850368
850408
850424
850468
850480
850488
850516
850560
850604
850632
850656
850688
850800
850804
850852
850920
851020
851052
851064
851088
851116
851216
851228
851276
851340
851356
851368
851384
851388
851432
851468
851536
851564
851572
851592
851624
851628
851636
851696
851780
851840
851928
851936
852008
852060
852064
852092
852128
852152
852168
852188
852196
852208
852212
852232
852312
852320
852324
852340
852452
852536
852544
852564
852620
852632
852792
852832
852848
852860
852908
852928
852944
852964
852980
853080
853100
853124
853132
853168
853180
853204
853208
853224
853264
853304
853364
853392
853400
853412
853440
853460
853468
853496
853520
853572
853580
853660
853680
853684
853688
853728
853768
853792
853840
853908
853944
854000
854052
854060
854076
854140
854144
854176
854196
854220
854252
854256
854304
854384
854396
854408
854480
854508
854576
854592
854596
854648
854716
854720
854752
854780
854832
854896
854924
854960
855032
855060
855080
855112
855148
855212
855304
855320
855456
855464
855472
855500
855548
855652
855680
855700
855724
855728
855732
855744
855772
855808
855824
855848
855856
855868
855872
855912
856020
856052
856100
856108
856136
856184
856208
856248
856356
856360
856424
856428
856444
856508
856544
856556
856572
856592
856608
856664
856724
856820
856856
856976
857024
857040
857084
857104
857136
857208
857220
857228
857236
857244
857264
857280
857296
857348
857352
857444
857532
857660
857668
857716
857732
857748
857760
857768
857860
857884
857968
857992
858004
858012
858032
858048
858076
858124
858188
858216
858264
858300
858308
858332
858340
858364
858368
858452
858596
858624
858648
858796
858832
858844
858876
858952
859004
859040
859128
859172
859232
859268
859340
859368
859396
859432
859488
859496
859592
859620
859636
859648
859656
859688
859692
859800
859812
859816
859852
859868
859884
859900
859984
859988
860048
860052
860096
860120
860208
860236
860244
860288
860360
860444
860492
860496
860532
860540
860568
860600
860628
860644
860700
860712
860736
860748
860768
860840
860860
860880
860888
860932
861064
861072
861092
861108
861132
861140
861176
861184
861312
861364
861368
861420
861440
861456
861500
861504
861520
861540
861548
861636
861640
861672
861752
861772
861812
861820
861848
861892
861904
861940
862000
862024
862028
862032
862156
862184
862204
862228
862276
862280
862292
862312
862336
862340
862368
862376
862408
862464
862500
862504
862512
862568
862592
862616
862680
862696
862844
862880
862892
862904
862924
862952
863144
863184
863212
863216
863220
863240
863284
863296
863332
863404
863464
863484
863576
863708
863764
863780
863804
863844
863864
863876
863880
863884
863968
863988
864052
864080
864100
864116
864152
864248
864264
864268
864328
864408
864412
864516
864544
864556
864564
864604
864620
864656
864660
864712
864768
864840
864872
864896
864924
864928
864968
865004
865024
865076
865088
865092
865136
865148
865244
865256
865264
865292
865300
865304
865400
865412
865420
865424
865488
865516
865536
865580
865596
865600
865636
865648
865668
865672
865680
865700
865732
865784
865788
865812
865900
865904
865972
865976
865988
866020
866028
866064
866112
866144
866148
866168
866240
866280
866476
866480
866496
866532
866536
866544
866564
866616
866720
866784
866816
866840
866860
866964
866980
867020
867040
867044
867072
867092
867120
867140
867148
867188
867208
867216
867224
867264
867288
867308
867332
867336
867344
867360
867392
867400
867408
867460
867464
867488
867524
867584
867644
867652
867684
867712
867752
867784
867792
867820
867828
867860
867912
867972
867980
868052
868080
868084
868092
868100
868148
868184
868252
868352
868364
868372
868424
868468
868520
868524
868604
868612
868632
868640
868676
868720
868776
868804
868892
868912
868944
868956
868972
868980
869012
869064
869084
869108
869212
869264
869268
869284
869344
869352
869376
869388
869392
869432
869456
869480
869568
869588
869640
869708
869716
869736
869756
869764
869768
869792
869844
869852
869912
869928
870080
870116
870128
870172
870296
870324
870340
870344
870352
870368
870428
870456
870472
870492
870568
870584
870592
870596
870608
870632
870684
870744
870800
870836
870864
870888
870920
870928
870940
871004
871012
871016
871108
871112
871160
871196
871212
871224
871244
871256
871304
871332
871348
871364
871404
871440
871528
871564
871592
871612
871664
871716
871772
871788
871796
871868
871880
871892
871972
871976
872080
872104
872144
872216
872232
872236
872264
872328
872404
872416
872480
872528
872580
872692
872704
872720
872736
872760
872864
872948
872956
872972
872984
873020
873032
873056
873092
873152
873156
873172
873188
873256
873296
873300
873376
873380
873452
873488
873560
873628
873632
873636
873644
873712
873728
873732
873744
873764
873796
873832
873868
873896
873904
873912
873964
874052
874068
874076
874084
874096
874100
874128
874140
874280
874300
874316
874348
874412
874416
874420
874472
874492
874504
874544
874572
874628
874636
874668
874784
874796
874832
874876
874880
874884
874916
875020
875036
875056
875060
875120
875156
875164
875184
875220
875228
875240
875260
875280
875308
875336
875360
875364
875372
875384
875424
875440
875528
875612
875648
875720
875744
875756
875792
875816
875904
875932
875948
875980
875984
876000
876072
876080
876100
876112
876148
876212
876220
876228
876264
876360
876368
876372
876484
876532
876540
876572
876584
876640
876660
876704
876736
876752
876848
876900
877052
877088
877180
877188
877200
877228
877324
877344
877396
877404
877444
877472
877496
877544
877564
877568
877580
877592
877652
877660
877712
877772
877776
877792
877832
877900
877908
877956
878000
878084
878164
878268
878272
878280
878332
878340
878552
878588
878660
878664
878700
878704
878744
878748
878756
878784
878828
878836
878852
878888
878912
878920
878956
879000
879020
879028
879040
879068
879080
879112
879124
879140
879152
879204
879260
879280
879284
879288
879312
879368
879376
879440
879468
879524
879536
879608
879664
879692
879704
879740
879784
879792
879808
879864
879892
879972
880044
880104
880160
880172
880180
880188
880196
880244
880256
880268
880292
880300
880336
880440
880476
880532
880564
880592
880616
880748
880756
880764
880784
880816
880832
880852
880900
880940
880964
880968
881000
881072
881076
881096
881108
881212
881300
881328
881336
881372
881380
881412
881476
881504
881596
881708
881728
881824
881852
881860
881864
881876
881952
882080
882156
882160
882196
882220
882240
882272
882304
882356
882368
882372
882392
882428
882464
882532
882636
882660
882692
882728
882764
882784
882848
882876
882948
882968
883016
883032
883056
883064
883108
883124
883148
883212
883292
883340
883360
883364
883416
883424
883472
883644
883732
883744
883820
883824
883920
883940
883952
883992
884012
884040
884048
884132
884192
884212
884228
884260
884264
884396
884428
884452
884480
884496
884540
884564
884584
884596
884624
884696
884740
884752
884804
884816
884828
884904
884932
884968
885000
885020
885048
885052
885080
885084
885124
885188
885236
885244
885292
885300
885340
885396
885472
885476
885488
885544
885548
885560
885604
885628
885648
885692
885724
885728
885768
885836
885840
885892
885956
885984
886024
886028
886048
886092
886136
886148
886220
886236
886276
886364
886400
886444
886452
886460
886508
886516
886584
886620
886700
886728
886768
886780
886796
886812
886820
886832
886836
886844
886868
886928
886988
886992
887012
887072
887116
887120
887144
887168
887208
887240
887244
887260
887272
887284
887312
887344
887408
887440
887468
887476
887516
887536
887588
887600
887636
887664
887692
887720
887776
887820
887852
887900
887932
887944
887980
888000
888044
888056
888064
888068
888076
888152
888212
888216
888236
888244
888252
888316
888320
888324
888384
888404
888416
888448
888476
888504
888560
888596
888600
888644
888652
888720
888744
888756
888764
888772
888824
888832
888880
888888
888936
888964
888992
889016
889028
889084
889140
889156
889168
889176
889232
889364
889400
889420
889436
889444
889448
889496
889504
889536
889552
889772
889780
889788
889800
889808
889856
889924
889940
889996
890004
890016
890044
890060
890096
890108
890120
890180
890184
890232
890248
890324
890372
890380
890420
890472
890512
890620
890648
890736
890780
890852
890948
891016
891024
891104
891164
891176
891240
891248
891276
891300
891400
891452
891456
891484
891512
891520
891568
891596
891608
891716
891740
891772
891804
891884
891932
891944
891948
891996
892096
892128
892144
892172
892180
892184
892228
892264
892272
892280
892304
892320
892360
892384
892392
892424
892432
892524
892608
892644
892700
892740
892760
892804
892808
892812
892828
892832
892948
892956
893116
893120
893144
893208
893220
893224
893228
893244
893264
893280
893316
893404
893456
893516
893524
893528
893572
893640
893644
893672
893684
893724
893732
893776
893812
893816
893820
893840
893872
893972
894000
894092
894120
894156
894172
894188
894212
894236
894280
894288
894308
894320
894364
894368
894428
894468
894532
894548
894552
894560
894568
894592
894620
894644
894648
894656
894664
894676
894680
894768
894804
894812
894840
894872
894972
895008
895020
895064
895076
895180
895216
895232
895252
895304
895308
895348
895400
895412
895420
895488
895512
895520
895540
895580
895584
895596
895604
895632
895636
895652
895712
895800
895908
895940
896000
896128
896132
896140
896160
896204
896216
896244
896252
896296
896304
896336
896356
896388
896428
896456
896480
896492
896512
896552
896608
896644
896744
896748
896756
896764
896804
896892
896972
897096
897136
897144
897268
897380
897416
897464
897612
897632
897728
897772
897844
897864
897868
897884
897904
897936
897980
897992
898008
898044
898108
898116
898160
898248
898268
898284
898348
898356
898396
898412
898424
898428
898436
898472
898492
898544
898548
898564
898604
898660
898680
898708
898716
898748
898788
898808
898820
898904
899072
899084
899112
899160
899184
899196
899272
899292
899324
899336
899348
899396
899404
899408
899432
899464
899472
899552
899556
899600
899612
899620
899648
899732
899780
899808
899824
899868
899872
899884
899900
899908
899920
899924
899944
899984
900052
900084
900092
900104
900124
900140
900152
900164
900192
900308
900320
900392
900412
900440
900444
900452
900512
900528
900572
900740
900804
900836
900860
900872
900880
900944
901028
901236
901252
901284
901348
901376
901400
901508
901516
901520
901524
901644
901664
901676
901680
901688
901700
901704
901716
901796
901824
901832
901840
901844
901868
901916
901968
901972
901984
902020
902028
902048
902092
902120
902136
902168
902240
902260
902288
902292
902372
902460
902512
902528
902652
902708
902724
902792
902828
902860
902884
902896
902932
902976
903020
903032
903052
903092
903104
903108
903128
903212
903228
903232
903244
903268
903272
903296
903328
903332
903336
903344
903360
903372
903380
903400
903436
903484
903496
903500
903504
903540
903568
903584
903596
903616
903632
903648
903692
903724
903756
903776
903792
903920
904004
904016
904052
904152
904164
904172
904200
904224
904280
904340
904416
904444
904452
904456
904540
904548
904560
904564
904584
904624
904632
904732
904764
904812
904924
904948
904952
904976
905012
905052
905068
905156
905212
905232
905260
905316
905320
905348
905384
905404
905444
905468
905496
905500
905540
905576
905628
905684
905704
905740
905800
905816
905852
905876
905900
905928
905948
905956
905968
906000
906004
906056
906068
906104
906164
906168
906208
906212
906268
906420
906436
906460
906488
906500
906560
906632
906664
906668
906672
906720
906728
906740
906832
906864
906892
906944
906972
906976
907004
907048
907076
907088
907136
907152
907292
907328
907348
907356
907400
907444
907484
907536
907552
907620
907656
907712
907760
907804
907832
907836
907852
907860
907900
907952
908060
908072
908076
908204
908240
908268
908272
908340
908368
908392
908404
908468
908484
908508
908512
908516
908540
908692
908704
908708
908732
908756
908760
908776
908812
908996
909012
909020
909044
909064
909124
909132
909164
909168
909184
909188
909196
909224
909236
909240
909280
909292
909332
909336
909348
909352
909488
909520
909528
909560
909568
909580
909596
909628
909692
909712
909752
909764
909804
909824
909832
909848
909912
909920
910020
910024
910064
910084
910100
910112
910148
910160
910164
910252
910272
910300
910304
910328
910344
910364
910492
910532
910616
910640
910660
910676
910680
910720
910752
910772
910780
910788
910792
910804
910864
910896
910924
910988
911004
911008
911144
911156
911168
911184
911276
911312
911364
911372
911460
911480
911516
911540
911568
911624
911632
911672
911732
911792
911796
911848
911876
911940
911984
911996
912008
912040
912044
912052
912064
912068
912104
912164
912200
912232
912260
912288
912368
912408
912416
912428
912444
912488
912520
912536
912552
912608
912628
912660
912804
912820
912836
912844
912880
912900
912908
912912
912968
913028
913040
913100
913124
913172
913208
913268
913272
913300
913348
913364
913396
913436
913516
913532
913548
913576
913612
913616
913632
913656
913688
913724
913744
913784
913844
913884
913996
914108
914116
914124
914144
914152
914160
914216
914332
914348
914456
914460
914484
914564
914568
914612
914636
914664
914676
914696
914700
914720
914732
914752
914768
914792
914844
914920
914924
915004
915032
915104
915116
915140
915204
915240
915376
915392
915468
915496
915532
915540
915664
915672
915720
915740
915824
915828
915916
915960
915972
916012
916080
916100
916140
916184
916292
916304
916324
916352
916364
916372
916412
916468
916568
916584
916644
916664
916680
916700
916708
916712
916736
916748
916840
916924
916988
917024
917108
917120
917140
917144
917160
917252
917308
917344
917400
917412
917436
917456
917468
917492
917524
917552
917648
917744
917756
917764
917792
917828
917844
917864
917932
917940
917960
918060
918148
918156
918176
918204
918260
918308
918332
918340
918344
918368
918400
918508
918512
918572
918596
918604
918672
918680
918752
918768
918788
918836
918848
918896
918920
918940
918948
918980
918984
918996
919088
919128
919176
919184
919256
919276
919312
919320
919324
919360
919388
919436
919452
919488
919496
919508
919540
919572
919612
919640
919668
919676
919708
919740
919808
919828
919856
919916
919920
919928
919932
919964
919996
920044
920060
920084
920100
920104
920168
920180
920184
920200
920220
920264
920272
920280
920312
920320
920408
920420
920460
920480
920516
920528
920588
920692
920704
920720
920732
920740
920872
920964
920992
921080
921092
921200
921252
921280
921356
921396
921432
921468
921540
921552
921560
921580
921584
921608
921628
921656
921680
921712
921752
921812
921824
921844
921956
921964
922000
922020
922064
922076
922096
922116
922132
922196
922204
922208
922224
922228
922244
922260
922296
922432
922504
922568
922592
922672
922704
922740
922940
922956
922984
923072
923176
923280
923288
923304
923372
923380
923384
923456
923484
923492
923596
923656
923712
923744
923776
923804
923812
923824
923848
923880
923936
923944
923948
923968
924016
924024
924032
924044
924092
924108
924116
924128
924132
924200
924212
924240
924252
924284
924288
924332
924360
924420
924468
924580
924584
924632
924636
924640
924752
924756
924780
924820
924832
924868
924872
924896
924900
924920
924972
925000
925040
925064
925112
925120
925184
925208
925232
925248
925252
925304
925324
925368
925372
925376
925448
925460
925500
925508
925520
925532
925540
925620
925708
925712
925724
925792
925800
925820
925828
925856
925876
925892
925960
925976
926032
926144
926152
926180
926240
926288
926300
926368
926472
926552
926576
926664
926684
926696
926720
926800
926808
926852
926864
926992
927052
927096
927100
927276
927308
927340
927380
927408
927412
927476
927548
927580
927644
927724
927728
927744
927760
927808
927824
927844
927896
927920
927944
927948
927992
928000
928068
928088
928160
928180
928220
928252
928256
928292
928344
928376
928388
928460
928480
928508
928524
928532
928536
928608
928712
928720
928732
928752
928760
928784
928900
928948
929012
929056
929076
929112
929148
929152
929156
929172
929184
929208
929244
929280
929292
929324
929348
929352
929356
929384
929408
929432
929476
929516
929572
929672
929680
929744
929748
929792
929816
929896
929904
929932
930000
930020
930092
930104
930108
930184
930272
930300
930316
930352
930380
930400
930444
930476
930572
930632
930644
930660
930684
930696
930720
930756
930764
930772
930800
930876
930880
930936
931008
931028
931120
931148
931156
931196
931204
931216
931296
931324
931332
931352
931380
931408
931452
931456
931476
931496
931524
931532
931592
931616
931664
931688
931692
931704
931744
931756
931828
931920
931972
932032
932084
932136
932156
932168
932192
932204
932240
932252
932280
932296
932368
932372
932388
932456
932480
932516
932704
932716
932792
932812
932844
932848
932864
932884
932896
932960
932988
933128
933284
933396
933428
933464
933472
933500
933524
933540
933556
933568
933596
933600
933612
933632
933652
933744
933824
933864
933872
933908
933956
933972
934040
934140
934144
934156
934180
934240
934244
934256
934284
934292
934312
934376
934548
934608
934664
934684
934732
934804
934852
934860
934864
934880
934900
934912
934940
934952
935052
935096
935180
935192
935216
935264
935272
935284
935304
935440
935448
935504
935536
935592
935644
935692
935696
935728
935740
935768
935904
935920
935948
935972
935980
936012
936028
936056
936064
936096
936124
936140
936200
936208
936212
936344
936356
936400
936428
936464
936536
936628
936644
936840
936844
936908
936912
936928
936944
936984
937028
937052
937068
937072
937076
937084
937104
937160
937164
937212
937236
937292
937344
937384
937428
937464
937488
937492
937568
937572
937596
937604
937632
937660
937684
937724
937812
937868
937880
937932
937952
938056
938128
938224
938248
938332
938352
938400
938504
938508
938568
938588
938624
938676
938720
938728
938744
938800
938828
938840
938876
938920
938932
939068
939084
939112
939172
939200
939220
939252
939264
939280
939284
939404
939408
939416
939424
939476
939540
939592
939648
939680
939684
939704
939788
939840
939856
939872
939884
939936
939984
940016
940044
940136
940144
940172
940180
940188
940192
940204
940208
940228
940256
940316
940352
940432
940456
940496
940548
940648
940676
940708
940736
940772
940800
940816
940876
940880
940884
940908
940956
941020
941052
941060
941116
941144
941160
941196
941244
941360
941492
941520
941524
941528
941584
941592
941620
941632
941692
941696
941716
941768
941780
941800
941852
941984
942028
942060
942092
942116
942208
942220
942224
942276
942340
942416
942432
942508
942524
942536
942572
942584
942620
942640
942776
942788
942796
942880
942916
942952
942980
943012
943076
943084
943088
943104
943112
943224
943252
943340
943432
943448
943468
943484
943548
943628
943684
943708
943756
943796
943824
943860
943868
943900
943944
943972
944012
944020
944044
944048
944120
944148
944184
944212
944220
944268
944348
944476
944588
944612
944628
944796
944800
944812
944832
944848
944884
944888
944908
945060
945092
945128
945140
945164
945204
945296
945368
945408
945456
945484
945520
945524
945536
945664
945728
945752
945776
945876
945920
945948
946004
946016
946036
946124
946184
946200
946252
946276
946388
946392
946444
946480
946484
946500
946592
946628
946652
946696
946716
946752
946784
946788
946792
946820
946876
946900
946964
946992
947012
947024
947068
947100
947120
947136
947228
947264
947300
947368
947436
947552
947580
947640
947668
947688
947716
947760
947792
947848
947864
947872
947888
947892
947920
948032
948072
948136
948156
948172
948228
948244
948304
948340
948368
948380
948436
948440
948452
948468
948504
948536
948556
948612
948828
948844
948908
948912
948936
948944
949024
949064
949112
949216
949264
949280
949292
949304
949316
949344
949360
949384
949412
949416
949496
949512
949524
949532
949556
949584
949592
949620
949656
949668
949728
949764
949784
949804
949844
949852
949880
949924
949936
949980
950068
950088
950260
950312
950324
950344
950352
950384
950420
950504
950516
950552
950568
950576
950608
950644
950772
950792
950816
950900
950912
950960
950964
950984
951008
951020
951036
951040
951100
951108
951128
951140
951196
951204
951208
951316
951488
951520
951528
951572
951604
951632
951636
951712
951720
951740
951748
951780
951828
951848
951964
951972
952008
952016
952064
952080
952160
952184
952240
952260
952324
952364
952372
952428
952436
952448
952468
952476
952484
952552
952580
952608
952640
952676
952752
952788
952828
952860
952864
952892
952916
952944
952952
953004
953008
953016
953032
953044
953108
953144
953184
953248
953304
953348
953372
953380
953408
953432
953436
953452
953456
953548
953564
953584
953588
953628
953672
953708
953772
953800
953872
953876
953880
953904
953940
954008
954012
954024
954248
954284
954416
954440
954460
954484
954488
954508
954524
954564
954572
954608
954660
954732
954760
954848
954860
954908
954948
954976
954992
955024
955040
955104
955160
955240
955300
955320
955352
955432
955472
955520
955524
955528
955552
955564
955572
955608
955616
955640
955696
955700
955852
955880
955920
955928
956004
956012
956020
956080
956112
956132
956136
956148
956252
956264
956308
956424
956444
956452
956472
956496
956580
956624
956640
956652
956936
956960
956964
956992
957028
957048
957056
957124
957128
957152
957188
957224
957256
957280
957296
957308
957356
957364
957452
957460
957508
957512
957532
957540
957552
957580
957644
957652
957700
957716
957720
957732
957740
957824
957860
957868
957900
957908
957984
958020
958036
958044
958064
958092
958220
958272
958304
958316
958332
958344
958352
958372
958412
958416
958420
958488
958540
958604
958660
958672
958700
958772
958784
958880
958916
958972
958992
959008
959028
959056
959080
959100
959108
959176
959196
959248
959440
959464
959468
959492
959552
959592
959604
959692
959744
959764
959776
959860
959916
959924
959928
959960
959980
959988
960036
960064
960144
960152
960260
960340
960344
960352
960400
960448
960476
960488
960548
960584
960592
960604
960648
960684
960716
960724
960756
960780
960892
961024
961032
961036
961068
961108
961116
961156
961248
961256
961284
961292
961320
961600
961608
961732
961736
961760
961764
961780
961832
961860
961880
961944
962160
962168
962192
962212
962220
962236
962264
962268
962312
962364
962408
962412
962416
962468
962504
962516
962592
962632
962656
962664
962720
962724
962732
962824
962888
963032
963052
963076
963116
963120
963124
963168
963244
963280
963424
963428
963440
963496
963532
963536
963556
963572
963600
963656
963680
963724
963732
963764
963784
963788
963796
963824
963948
963956
963964
963976
964028
964100
964132
964168
964200
964204
964228
964328
964336
964352
964412
964424
964432
964484
964516
964572
964580
964592
964624
964636
964672
964712
964768
964772
964776
964844
964928
964940
965012
965096
965136
965148
965152
965180
965184
965204
965212
965216
965224
965252
965320
965408
965428
965512
965540
965632
965696
965728
965756
965764
965804
965812
965840
965864
965888
965932
966076
966128
966144
966192
966272
966288
966296
966332
966372
966436
966444
966472
966480
966524
966588
966632
966640
966716
966736
966748
966752
966792
966800
966804
966820
966832
966884
966920
966984
967064
967088
967108
967112
967136
967164
967220
967232
967240
967252
967276
967292
967324
967484
967556
967568
967604
967652
967732
967744
967764
967796
967800
967828
967848
967928
967988
967992
968008
968012
968064
968108
968136
968176
968200
968204
968208
968244
968264
968304
968332
968380
968416
968428
968444
968452
968552
968564
968600
968708
968716
968752
968792
968856
968864
968888
968960
969000
969032
969052
969068
969072
969100
969104
969132
969200
969312
969332
969352
969404
969416
969476
969500
969548
969572
969576
969664
969712
969756
969844
969980
970008
970024
970028
970040
970096
970104
970108
970112
970232
970280
970328
970376
970392
970396
970420
970424
970460
970484
970532
970568
970572
970636
970700
970760
970780
970844
970864
970880
970932
970980
971072
971092
971096
971140
971216
971232
971256
971328
971348
971384
971400
971404
971420
971436
971452
971592
971624
971644
971812
971816
971840
971852
971868
971944
971996
972024
972028
972080
972152
972204
972268
972272
972320
972356
972408
972420
972444
972464
972496
972520
972524
972596
972680
972708
972752
972764
972796
972800
972852
972896
972912
972932
972944
972960
972964
972980
973000
973052
973056
973064
973132
973168
973172
973184
973232
973268
973272
973280
973304
973308
973356
973448
973452
973464
973468
973532
973568
973592
973604
973608
973612
973616
973632
973716
973736
973840
973876
973916
973924
973948
973956
974028
974096
974140
974164
974172
974204
974228
974248
974292
974312
974336
974444
974480
974512
974588
974604
974644
974652
974708
974724
974912
974928
974948
974984
975040
975092
975104
975124
975156
975264
975284
975292
975332
975344
975400
975416
975452
975472
975548
975556
975572
975668
975716
975800
975824
975828
975836
975920
975948
975956
975992
976004
976044
976072
976088
976096
976132
976136
976160
976164
976172
976228
976244
976268
976276
976328
976416
976524
976532
976556
976584
976604
976616
976668
976676
976688
976720
976748
976768
976796
976804
976812
976852
976864
976868
976912
976940
976948
976992
977020
977048
977088
977116
977124
977192
977204
977208
977288
977300
977320
977360
977392
977424
977452
977468
977496
977504
977628
977644
977648
977684
977700
977948
977952
977992
978068
978104
978124
978188
978216
978240
978244
978260
978272
978308
978420
978460
978464
978488
978492
978496
978504
978508
978592
978600
978620
978636
978680
978684
978716
978720
978760
978820
978852
978884
978932
978952
979036
979052
979124
979132
979160
979208
979260
979304
979320
979328
979348
979352
979408
979432
979468
979476
979532
979568
979580
979608
979616
979628
979636
979640
979756
979772
979808
979840
979916
979940
979980
980036
980144
980164
980240
980272
980296
980336
980340
980428
980484
980504
980512
980540
980548
980636
980692
980812
980816
980844
980868
980940
980960
981004
981100
981156
981196
981200
981240
981284
981316
981320
981336
981368
981420
981444
981456
981500
981528
981556
981572
981584
981588
981604
981632
981656
981700
981724
981740
981752
981768
981848
981876
981884
981932
982024
982032
982068
982076
982100
982144
982160
982212
982232
982328
982356
982428
982436
982472
982520
982536
982540
982576
982592
982604
982612
982652
982664
982704
982708
982712
982740
982752
982792
982808
982816
982824
982828
982876
982880
982912
982932
982940
982948
982964
982996
983000
983028
983060
983172
983184
983208
983220
983264
983276
983328
983332
983348
983352
983380
983420
983424
983440
983464
983480
983516
983564
983572
983616
983632
983640
983648
983740
983744
983752
983760
983824
983936
983944
983964
984000
984004
984008
984040
984092
984112
984120
984172
984192
984200
984216
984236
984288
984364
984392
984412
984424
984496
984540
984596
984624
984680
984696
984740
984748
984792
984808
984812
984864
984876
984900
984944
984992
985012
985040
985088
985120
985124
985152
985208
985224
985260
985272
985280
985296
985300
985328
985372
985376
985436
985484
985504
985516
985544
985632
985652
985664
985704
985764
985820
985832
985852
985960
986036
986048
986072
986196
986232
986264
986300
986304
986408
986420
986428
986456
986468
986504
986524
986572
986600
986640
986672
986768
986792
986812
986852
986876
986924
986936
986960
986972
987044
987052
987056
987200
987212
987288
987312
987324
987360
987368
987396
987500
987560
987576
987668
987680
987692
987816
987864
987904
987940
987972
988084
988144
988168
988176
988220
988248
988340
988436
988460
988512
988708
988744
988756
988788
988800
988820
988828
988880
988948
989156
989204
989256
989260
989268
989296
989372
989412
989468
989472
989480
989508
989584
989624
989708
989720
989832
989836
989844
989908
990052
990104
990116
990140
990172
990200
990208
990256
990348
990352
990376
990452
990472
990492
990548
990556
990560
990620
990628
990692
990696
990748
990752
990804
990812
990816
990824
990852
990888
990896
990912
990920
991004
991012
991076
991092
991108
991124
991136
991216
991228
991232
991244
991272
991376
991396
991432
991468
991484
991500
991544
991560
991592
991628
991652
991680
991736
991808
991816
991840
991904
991936
991976
991988
992040
992076
992148
992180
992208
992228
992236
992260
992272
992288
992300
992312
992328
992396
992408
992452
992492
992532
992564
992568
992588
992644
992672
992688
992860
992888
992900
992992
992996
993000
993008
993044
993084
993128
993272
993288
993360
993376
993448
993512
993540
993544
993560
993568
993572
993580
993616
993652
993664
993740
993768
993868
993876
993884
993932
994000
994004
994028
994084
994132
994156
994200
994352
994448
994596
994660
994668
994672
994688
994764
994776
994812
994868
994884
994892
994948
994960
995000
995028
995064
995080
995092
995096
995108
995124
995200
995212
995252
995304
995324
995408
995452
995456
995480
995492
995520
995528
995640
995644
995700
995784
995792
995828
995856
995884
995964
996104
996200
996536
996584
996592
996620
996628
996736
996740
996860
996908
996932
996944
996960
996968
996992
997212
997228
997276
997324
997364
997368
997388
997404
997436
997552
997556
997564
997592
997608
997648
997696
997724
997732
997748
997796
997824
997864
997976
998012
998020
998032
998060
998144
998224
998264
998308
998348
998356
998368
998400
998472
998508
998516
998556
998684
998704
998760
998816
998824
998836
998840
998880
998924
998952
998988
999076
999128
999152
999156
999200
999292
999312
999320
999344
999368
999372
999392
999460
999464
999492
999592
999660
999712
999812
999880
999896
999960
999984
