pmin=1159863213967
17576*13^n+183
15889
15925
16005
16017
16037
16129
16157
16193
16213
16221
16249
16269
16277
16293
16377
16433
16445
16453
16497
16509
16541
16557
16609
16625
16677
16733
16773
16785
16801
16809
16841
16845
16881
16925
16937
16977
17009
17017
17077
17109
17121
17153
17209
17277
17285
17297
17349
17377
17381
17489
17541
17545
17561
17589
17593
17629
17697
17801
17937
17989
18001
18005
18069
18105
18197
18201
18209
18253
18269
18273
18309
18361
18429
18465
18549
18557
18641
18693
18697
18713
18773
18813
18853
18873
18881
18929
18933
18941
19017
19073
19093
19097
19133
19165
19169
19213
19225
19325
19357
19393
19397
19417
19433
19457
19461
19489
19513
19517
19525
19577
19637
19733
19749
19781
19805
19837
19857
19865
19873
20001
20133
20221
20225
20241
20261
20297
20373
20377
20409
20413
20469
20493
20513
20529
20533
20541
20549
20645
20657
20793
20841
20929
20949
20969
20977
21009
21109
21129
21185
21221
21265
21321
21397
21461
21481
21637
21737
21761
21769
21833
21925
21953
22133
22137
22205
22221
22341
22357
22401
22453
22473
22481
22669
22673
22685
22753
22777
22841
22861
22881
22885
22905
22913
22957
22993
23045
23057
23069
23093
23129
23145
23157
23165
23185
23245
23257
23397
23461
23465
23477
23489
23505
23509
23529
23537
23605
23633
23641
23721
23845
23869
23897
23921
23973
24021
24053
24097
24101
24113
24189
24193
24205
24253
24285
24293
24313
24341
24345
24397
24445
24473
24489
24513
24641
24661
24733
24797
24837
24849
24893
24929
24985
24997
25057
25117
25125
25129
25145
25153
25245
25285
25341
25401
25429
25481
25509
25549
25565
25653
25689
25697
25737
25813
25865
25897
25909
25917
25989
25993
26013
26077
26097
26117
26149
26173
26181
26209
26257
26277
26293
26297
26305
26349
26357
26441
26513
26577
26633
26693
26701
26705
26737
26757
26873
26885
26889
26893
27101
27181
27273
27281
27301
27345
27433
27453
27505
27521
27549
27625
27717
27793
27813
27829
27849
27881
27897
27929
27989
28021
28029
28053
28069
28073
28101
28129
28169
28197
28217
28261
28285
28289
28321
28333
28357
28389
28393
28429
28461
28505
28525
28549
28641
28669
28729
28745
28813
28829
28885
28981
29009
29065
29177
29185
29249
29325
29385
29401
29441
29469
29477
29481
29525
29529
29573
29625
29665
29689
29693
29725
29773
29829
29909
29913
30013
30037
30053
30109
30169
30205
30225
30233
30237
30285
30357
30365
30369
30401
30437
30457
30517
30529
30537
30581
30593
30613
30653
30657
30669
30737
30829
30837
30877
30885
30897
30901
30917
30941
30973
31025
31053
31077
31113
31121
31161
31189
31201
31209
31229
31261
31309
31333
31365
31381
31397
31441
31465
31481
31497
31545
31557
31585
31701
31705
31717
31729
31797
31809
31821
31849
31889
31893
31901
31921
31933
31965
31985
32017
32029
32033
32089
32101
32113
32213
32281
32317
32381
32385
32433
32453
32493
32501
32545
32617
32673
32681
32733
32749
32829
32837
32849
32861
32881
32921
32941
32961
32969
32981
33049
33073
33085
33113
33177
33185
33257
33261
33329
33401
33429
33481
33513
33517
33601
33637
33653
33689
33757
33797
33973
33977
33993
34053
34133
34181
34201
34237
34305
34317
34365
34397
34405
34421
34481
34505
34549
34589
34609
34649
34677
34693
34729
34793
34801
34813
34873
34929
34941
34949
35001
35017
35045
35057
35089
35141
35145
35157
35169
35193
35201
35233
35341
35493
35573
35589
35593
35621
35665
35689
35777
35809
35841
35893
35909
35949
36017
36025
36073
36121
36177
36205
36233
36241
36253
36305
36321
36353
36421
36441
36465
36517
36525
36633
36681
36733
36789
36793
36849
36861
36929
36949
36957
36997
37041
37085
37097
37137
37181
37249
37253
37257
37345
37377
37473
37497
37513
37529
37645
37677
37713
37745
37817
37837
37865
37869
37893
37929
37941
38005
38029
38089
38137
38145
38217
38229
38233
38349
38365
38433
38457
38461
38485
38513
38557
38581
38593
38625
38697
38709
38729
38753
38845
38889
38905
38937
39017
39077
39113
39141
39145
39157
39201
39241
39305
39345
39477
39489
39521
39621
39633
39649
39729
39761
39765
39769
39789
39805
39841
39941
39957
39965
39973
39981
39993
40009
40021
40049
40081
40113
40149
40161
40165
40181
40197
40245
40325
40353
40357
40389
40401
40489
40545
40565
40669
40681
40701
40725
40729
40741
40797
40817
40825
40837
40853
40909
40917
40933
40985
40993
41005
41021
41029
41041
41061
41065
41073
41077
41101
41117
41141
41177
41193
41217
41385
41405
41481
41493
41497
41545
41573
41653
41673
41689
41701
41781
41805
41833
41849
41877
41881
41929
41957
41969
42009
42013
42057
42061
42073
42101
42133
42245
42277
42281
42289
42325
42353
42381
42457
42465
42501
42549
42561
42577
42581
42649
42673
42685
42709
42757
42821
42845
42869
42877
42913
42925
42933
42941
42949
42965
43017
43037
43053
43069
43153
43177
43221
43293
43301
43341
43409
43441
43509
43581
43657
43769
43805
43897
43933
44013
44133
44161
44213
44229
44277
44305
44309
44389
44489
44565
44645
44661
44669
44693
44705
44741
44769
44785
44861
44873
44889
44933
45053
45057
45065
45085
45093
45125
45137
45261
45305
45341
45393
45433
45441
45501
45533
45537
45625
45641
45657
45721
45765
45797
45857
45897
45933
45981
46021
46029
46077
46133
46185
46285
46297
46321
46381
46405
46417
46429
46537
46593
46609
46649
46777
46793
46821
46837
46845
46889
46937
46981
47069
47073
47165
47169
47177
47233
47245
47321
47337
47365
47373
47381
47441
47549
47573
47605
47609
47613
47629
47701
47725
47761
47781
47809
47821
47853
47857
47865
47869
47997
48001
48081
48129
48161
48217
48221
48225
48317
48341
48345
48397
48453
48457
48485
48525
48565
48589
48613
48625
48665
48669
48673
48737
48753
48757
48837
48933
48949
48977
48985
49005
49013
49061
49081
49093
49097
49113
49125
49169
49181
49193
49337
49373
49437
49461
49485
49545
49573
49657
49673
49697
49713
49733
49813
49821
49861
49985
49989
50037
50053
50057
50165
50201
50313
50321
50329
50349
50377
50385
50433
50517
50525
50533
50629
50645
50741
50745
50761
50825
50981
50997
51005
51061
51077
51253
51257
51309
51461
51493
51617
51645
51697
51749
51797
51813
51865
51885
51929
51941
51957
52061
52117
52249
52257
52317
52513
52533
52541
52593
52613
52625
52697
52705
52733
52837
52865
52965
52989
53001
53041
53113
53185
53285
53297
53305
53325
53373
53377
53413
53449
53481
53493
53541
53589
53617
53621
53737
53745
53773
53797
53849
53869
53893
53929
53965
54025
54037
54061
54077
54097
54193
54241
54245
54273
54309
54389
54393
54425
54477
54493
54585
54589
54629
54653
54669
54685
54733
54741
54749
54785
54793
54845
54857
54865
54901
54961
55089
55129
55189
55249
55253
55257
55269
55285
55301
55329
55417
55421
55445
55497
55517
55533
55549
55597
55601
55641
55649
55725
55729
55733
55741
55777
55789
55801
55821
55869
55925
55977
56005
56013
56097
56113
56173
56193
56213
56245
56261
56349
56353
56357
56361
56369
56401
56413
56481
56549
56577
56581
56589
56625
56713
56753
56789
56861
56881
56885
56901
56969
56985
57033
57105
57117
57121
57133
57189
57193
57301
57317
57337
57381
57441
57469
57501
57557
57577
57593
57621
57661
57669
57681
57709
57741
57761
57769
57805
57825
57841
57861
57865
57901
58021
58029
58041
58049
58101
58133
58173
58181
58197
58225
58269
58277
58305
58325
58509
58529
58589
58617
58629
58681
58689
58697
58789
58857
58881
58885
58901
58921
59049
59061
59097
59185
59265
59293
59397
59421
59433
59509
59649
59705
59737
59749
59773
59821
59841
59937
59949
