pmin=29
73*17^n-9
60005
60009
60017
60029
60033
60045
60053
60057
60065
60069
60077
60089
60093
60105
60113
60117
60125
60129
60137
60149
60153
60165
60173
60177
60185
60189
60197
60209
60213
60225
60233
60237
60245
60249
60257
60269
60273
60285
60293
60297
60305
60309
60317
60329
60333
60345
60353
60357
60365
60369
60377
60389
60393
60405
60413
60417
60425
60429
60437
60449
60453
60465
60473
60477
60485
60489
60497
60509
60513
60525
60533
60537
60545
60549
60557
60569
60573
60585
60593
60597
60605
60609
60617
60629
60633
60645
60653
60657
60665
60669
60677
60689
60693
60705
60713
60717
60725
60729
60737
60749
60753
60765
60773
60777
60785
60789
60797
60809
60813
60825
60833
60837
60845
60849
60857
60869
60873
60885
60893
60897
60905
60909
60917
60929
60933
60945
60953
60957
60965
60969
60977
60989
60993
61005
61013
61017
61025
61029
61037
61049
61053
61065
61073
61077
61085
61089
61097
61109
61113
61125
61133
61137
61145
61149
61157
61169
61173
61185
61193
61197
61205
61209
61217
61229
61233
61245
61253
61257
61265
61269
61277
61289
61293
61305
61313
61317
61325
61329
61337
61349
61353
61365
61373
61377
61385
61389
61397
61409
61413
61425
61433
61437
61445
61449
61457
61469
61473
61485
61493
61497
61505
61509
61517
61529
61533
61545
61553
61557
61565
61569
61577
61589
61593
61605
61613
61617
61625
61629
61637
61649
61653
61665
61673
61677
61685
61689
61697
61709
61713
61725
61733
61737
61745
61749
61757
61769
61773
61785
61793
61797
61805
61809
61817
61829
61833
61845
61853
61857
61865
61869
61877
61889
61893
61905
61913
61917
61925
61929
61937
61949
61953
61965
61973
61977
61985
61989
61997
62009
62013
62025
62033
62037
62045
62049
62057
62069
62073
62085
62093
62097
62105
62109
62117
62129
62133
62145
62153
62157
62165
62169
62177
62189
62193
62205
62213
62217
62225
62229
62237
62249
62253
62265
62273
62277
62285
62289
62297
62309
62313
62325
62333
62337
62345
62349
62357
62369
62373
62385
62393
62397
62405
62409
62417
62429
62433
62445
62453
62457
62465
62469
62477
62489
62493
62505
62513
62517
62525
62529
62537
62549
62553
62565
62573
62577
62585
62589
62597
62609
62613
62625
62633
62637
62645
62649
62657
62669
62673
62685
62693
62697
62705
62709
62717
62729
62733
62745
62753
62757
62765
62769
62777
62789
62793
62805
62813
62817
62825
62829
62837
62849
62853
62865
62873
62877
62885
62889
62897
62909
62913
62925
62933
62937
62945
62949
62957
62969
62973
62985
62993
62997
63005
63009
63017
63029
63033
63045
63053
63057
63065
63069
63077
63089
63093
63105
63113
63117
63125
63129
63137
63149
63153
63165
63173
63177
63185
63189
63197
63209
63213
63225
63233
63237
63245
63249
63257
63269
63273
63285
63293
63297
63305
63309
63317
63329
63333
63345
63353
63357
63365
63369
63377
63389
63393
63405
63413
63417
63425
63429
63437
63449
63453
63465
63473
63477
63485
63489
63497
63509
63513
63525
63533
63537
63545
63549
63557
63569
63573
63585
63593
63597
63605
63609
63617
63629
63633
63645
63653
63657
63665
63669
63677
63689
63693
63705
63713
63717
63725
63729
63737
63749
63753
63765
63773
63777
63785
63789
63797
63809
63813
63825
63833
63837
63845
63849
63857
63869
63873
63885
63893
63897
63905
63909
63917
63929
63933
63945
63953
63957
63965
63969
63977
63989
63993
64005
64013
64017
64025
64029
64037
64049
64053
64065
64073
64077
64085
64089
64097
64109
64113
64125
64133
64137
64145
64149
64157
64169
64173
64185
64193
64197
64205
64209
64217
64229
64233
64245
64253
64257
64265
64269
64277
64289
64293
64305
64313
64317
64325
64329
64337
64349
64353
64365
64373
64377
64385
64389
64397
64409
64413
64425
64433
64437
64445
64449
64457
64469
64473
64485
64493
64497
64505
64509
64517
64529
64533
64545
64553
64557
64565
64569
64577
64589
64593
64605
64613
64617
64625
64629
64637
64649
64653
64665
64673
64677
64685
64689
64697
64709
64713
64725
64733
64737
64745
64749
64757
64769
64773
64785
64793
64797
64805
64809
64817
64829
64833
64845
64853
64857
64865
64869
64877
64889
64893
64905
64913
64917
64925
64929
64937
64949
64953
64965
64973
64977
64985
64989
64997
65009
65013
65025
65033
65037
65045
65049
65057
65069
65073
65085
65093
65097
65105
65109
65117
65129
65133
65145
65153
65157
65165
65169
65177
65189
65193
65205
65213
65217
65225
65229
65237
65249
65253
65265
65273
65277
65285
65289
65297
65309
65313
65325
65333
65337
65345
65349
65357
65369
65373
65385
65393
65397
65405
65409
65417
65429
65433
65445
65453
65457
65465
65469
65477
65489
65493
65505
65513
65517
65525
65529
65537
65549
65553
65565
65573
65577
65585
65589
65597
65609
65613
65625
65633
65637
65645
65649
65657
65669
65673
65685
65693
65697
65705
65709
65717
65729
65733
65745
65753
65757
65765
65769
65777
65789
65793
65805
65813
65817
65825
65829
65837
65849
65853
65865
65873
65877
65885
65889
65897
65909
65913
65925
65933
65937
65945
65949
65957
65969
65973
65985
65993
65997
66005
66009
66017
66029
66033
66045
66053
66057
66065
66069
66077
66089
66093
66105
66113
66117
66125
66129
66137
66149
66153
66165
66173
66177
66185
66189
66197
66209
66213
66225
66233
66237
66245
66249
66257
66269
66273
66285
66293
66297
66305
66309
66317
66329
66333
66345
66353
66357
66365
66369
66377
66389
66393
66405
66413
66417
66425
66429
66437
66449
66453
66465
66473
66477
66485
66489
66497
66509
66513
66525
66533
66537
66545
66549
66557
66569
66573
66585
66593
66597
66605
66609
66617
66629
66633
66645
66653
66657
66665
66669
66677
66689
66693
66705
66713
66717
66725
66729
66737
66749
66753
66765
66773
66777
66785
66789
66797
66809
66813
66825
66833
66837
66845
66849
66857
66869
66873
66885
66893
66897
66905
66909
66917
66929
66933
66945
66953
66957
66965
66969
66977
66989
66993
67005
67013
67017
67025
67029
67037
67049
67053
67065
67073
67077
67085
67089
67097
67109
67113
67125
67133
67137
67145
67149
67157
67169
67173
67185
67193
67197
67205
67209
67217
67229
67233
67245
67253
67257
67265
67269
67277
67289
67293
67305
67313
67317
67325
67329
67337
67349
67353
67365
67373
67377
67385
67389
67397
67409
67413
67425
67433
67437
67445
67449
67457
67469
67473
67485
67493
67497
67505
67509
67517
67529
67533
67545
67553
67557
67565
67569
67577
67589
67593
67605
67613
67617
67625
67629
67637
67649
67653
67665
67673
67677
67685
67689
67697
67709
67713
67725
67733
67737
67745
67749
67757
67769
67773
67785
67793
67797
67805
67809
67817
67829
67833
67845
67853
67857
67865
67869
67877
67889
67893
67905
67913
67917
67925
67929
67937
67949
67953
67965
67973
67977
67985
67989
67997
68009
68013
68025
68033
68037
68045
68049
68057
68069
68073
68085
68093
68097
68105
68109
68117
68129
68133
68145
68153
68157
68165
68169
68177
68189
68193
68205
68213
68217
68225
68229
68237
68249
68253
68265
68273
68277
68285
68289
68297
68309
68313
68325
68333
68337
68345
68349
68357
68369
68373
68385
68393
68397
68405
68409
68417
68429
68433
68445
68453
68457
68465
68469
68477
68489
68493
68505
68513
68517
68525
68529
68537
68549
68553
68565
68573
68577
68585
68589
68597
68609
68613
68625
68633
68637
68645
68649
68657
68669
68673
68685
68693
68697
68705
68709
68717
68729
68733
68745
68753
68757
68765
68769
68777
68789
68793
68805
68813
68817
68825
68829
68837
68849
68853
68865
68873
68877
68885
68889
68897
68909
68913
68925
68933
68937
68945
68949
68957
68969
68973
68985
68993
68997
69005
69009
69017
69029
69033
69045
69053
69057
69065
69069
69077
69089
69093
69105
69113
69117
69125
69129
69137
69149
69153
69165
69173
69177
69185
69189
69197
69209
69213
69225
69233
69237
69245
69249
69257
69269
69273
69285
69293
69297
69305
69309
69317
69329
69333
69345
69353
69357
69365
69369
69377
69389
69393
69405
69413
69417
69425
69429
69437
69449
69453
69465
69473
69477
69485
69489
69497
69509
69513
69525
69533
69537
69545
69549
69557
69569
69573
69585
69593
69597
69605
69609
69617
69629
69633
69645
69653
69657
69665
69669
69677
69689
69693
69705
69713
69717
69725
69729
69737
69749
69753
69765
69773
69777
69785
69789
69797
69809
69813
69825
69833
69837
69845
69849
69857
69869
69873
69885
69893
69897
69905
69909
69917
69929
69933
69945
69953
69957
69965
69969
69977
69989
69993
70005
70013
70017
70025
70029
70037
70049
70053
70065
70073
70077
70085
70089
70097
70109
70113
70125
70133
70137
70145
70149
70157
70169
70173
70185
70193
70197
70205
70209
70217
70229
70233
70245
70253
70257
70265
70269
70277
70289
70293
70305
70313
70317
70325
70329
70337
70349
70353
70365
70373
70377
70385
70389
70397
70409
70413
70425
70433
70437
70445
70449
70457
70469
70473
70485
70493
70497
70505
70509
70517
70529
70533
70545
70553
70557
70565
70569
70577
70589
70593
70605
70613
70617
70625
70629
70637
70649
70653
70665
70673
70677
70685
70689
70697
70709
70713
70725
70733
70737
70745
70749
70757
70769
70773
70785
70793
70797
70805
70809
70817
70829
70833
70845
70853
70857
70865
70869
70877
70889
70893
70905
70913
70917
70925
70929
70937
70949
70953
70965
70973
70977
70985
70989
70997
71009
71013
71025
71033
71037
71045
71049
71057
71069
71073
71085
71093
71097
71105
71109
71117
71129
71133
71145
71153
71157
71165
71169
71177
71189
71193
71205
71213
71217
71225
71229
71237
71249
71253
71265
71273
71277
71285
71289
71297
71309
71313
71325
71333
71337
71345
71349
71357
71369
71373
71385
71393
71397
71405
71409
71417
71429
71433
71445
71453
71457
71465
71469
71477
71489
71493
71505
71513
71517
71525
71529
71537
71549
71553
71565
71573
71577
71585
71589
71597
71609
71613
71625
71633
71637
71645
71649
71657
71669
71673
71685
71693
71697
71705
71709
71717
71729
71733
71745
71753
71757
71765
71769
71777
71789
71793
71805
71813
71817
71825
71829
71837
71849
71853
71865
71873
71877
71885
71889
71897
71909
71913
71925
71933
71937
71945
71949
71957
71969
71973
71985
71993
71997
72005
72009
72017
72029
72033
72045
72053
72057
72065
72069
72077
72089
72093
72105
72113
72117
72125
72129
72137
72149
72153
72165
72173
72177
72185
72189
72197
72209
72213
72225
72233
72237
72245
72249
72257
72269
72273
72285
72293
72297
72305
72309
72317
72329
72333
72345
72353
72357
72365
72369
72377
72389
72393
72405
72413
72417
72425
72429
72437
72449
72453
72465
72473
72477
72485
72489
72497
72509
72513
72525
72533
72537
72545
72549
72557
72569
72573
72585
72593
72597
72605
72609
72617
72629
72633
72645
72653
72657
72665
72669
72677
72689
72693
72705
72713
72717
72725
72729
72737
72749
72753
72765
72773
72777
72785
72789
72797
72809
72813
72825
72833
72837
72845
72849
72857
72869
72873
72885
72893
72897
72905
72909
72917
72929
72933
72945
72953
72957
72965
72969
72977
72989
72993
73005
73013
73017
73025
73029
73037
73049
73053
73065
73073
73077
73085
73089
73097
73109
73113
73125
73133
73137
73145
73149
73157
73169
73173
73185
73193
73197
73205
73209
73217
73229
73233
73245
73253
73257
73265
73269
73277
73289
73293
73305
73313
73317
73325
73329
73337
73349
73353
73365
73373
73377
73385
73389
73397
73409
73413
73425
73433
73437
73445
73449
73457
73469
73473
73485
73493
73497
73505
73509
73517
73529
73533
73545
73553
73557
73565
73569
73577
73589
73593
73605
73613
73617
73625
73629
73637
73649
73653
73665
73673
73677
73685
73689
73697
73709
73713
73725
73733
73737
73745
73749
73757
73769
73773
73785
73793
73797
73805
73809
73817
73829
73833
73845
73853
73857
73865
73869
73877
73889
73893
73905
73913
73917
73925
73929
73937
73949
73953
73965
73973
73977
73985
73989
73997
74009
74013
74025
74033
74037
74045
74049
74057
74069
74073
74085
74093
74097
74105
74109
74117
74129
74133
74145
74153
74157
74165
74169
74177
74189
74193
74205
74213
74217
74225
74229
74237
74249
74253
74265
74273
74277
74285
74289
74297
74309
74313
74325
74333
74337
74345
74349
74357
74369
74373
74385
74393
74397
74405
74409
74417
74429
74433
74445
74453
74457
74465
74469
74477
74489
74493
74505
74513
74517
74525
74529
74537
74549
74553
74565
74573
74577
74585
74589
74597
74609
74613
74625
74633
74637
74645
74649
74657
74669
74673
74685
74693
74697
74705
74709
74717
74729
74733
74745
74753
74757
74765
74769
74777
74789
74793
74805
74813
74817
74825
74829
74837
74849
74853
74865
74873
74877
74885
74889
74897
74909
74913
74925
74933
74937
74945
74949
74957
74969
74973
74985
74993
74997
75005
75009
75017
75029
75033
75045
75053
75057
75065
75069
75077
75089
75093
75105
75113
75117
75125
75129
75137
75149
75153
75165
75173
75177
75185
75189
75197
75209
75213
75225
75233
75237
75245
75249
75257
75269
75273
75285
75293
75297
75305
75309
75317
75329
75333
75345
75353
75357
75365
75369
75377
75389
75393
75405
75413
75417
75425
75429
75437
75449
75453
75465
75473
75477
75485
75489
75497
75509
75513
75525
75533
75537
75545
75549
75557
75569
75573
75585
75593
75597
75605
75609
75617
75629
75633
75645
75653
75657
75665
75669
75677
75689
75693
75705
75713
75717
75725
75729
75737
75749
75753
75765
75773
75777
75785
75789
75797
75809
75813
75825
75833
75837
75845
75849
75857
75869
75873
75885
75893
75897
75905
75909
75917
75929
75933
75945
75953
75957
75965
75969
75977
75989
75993
76005
76013
76017
76025
76029
76037
76049
76053
76065
76073
76077
76085
76089
76097
76109
76113
76125
76133
76137
76145
76149
76157
76169
76173
76185
76193
76197
76205
76209
76217
76229
76233
76245
76253
76257
76265
76269
76277
76289
76293
76305
76313
76317
76325
76329
76337
76349
76353
76365
76373
76377
76385
76389
76397
76409
76413
76425
76433
76437
76445
76449
76457
76469
76473
76485
76493
76497
76505
76509
76517
76529
76533
76545
76553
76557
76565
76569
76577
76589
76593
76605
76613
76617
76625
76629
76637
76649
76653
76665
76673
76677
76685
76689
76697
76709
76713
76725
76733
76737
76745
76749
76757
76769
76773
76785
76793
76797
76805
76809
76817
76829
76833
76845
76853
76857
76865
76869
76877
76889
76893
76905
76913
76917
76925
76929
76937
76949
76953
76965
76973
76977
76985
76989
76997
77009
77013
77025
77033
77037
77045
77049
77057
77069
77073
77085
77093
77097
77105
77109
77117
77129
77133
77145
77153
77157
77165
77169
77177
77189
77193
77205
77213
77217
77225
77229
77237
77249
77253
77265
77273
77277
77285
77289
77297
77309
77313
77325
77333
77337
77345
77349
77357
77369
77373
77385
77393
77397
77405
77409
77417
77429
77433
77445
77453
77457
77465
77469
77477
77489
77493
77505
77513
77517
77525
77529
77537
77549
77553
77565
77573
77577
77585
77589
77597
77609
77613
77625
77633
77637
77645
77649
77657
77669
77673
77685
77693
77697
77705
77709
77717
77729
77733
77745
77753
77757
77765
77769
77777
77789
77793
77805
77813
77817
77825
77829
77837
77849
77853
77865
77873
77877
77885
77889
77897
77909
77913
77925
77933
77937
77945
77949
77957
77969
77973
77985
77993
77997
78005
78009
78017
78029
78033
78045
78053
78057
78065
78069
78077
78089
78093
78105
78113
78117
78125
78129
78137
78149
78153
78165
78173
78177
78185
78189
78197
78209
78213
78225
78233
78237
78245
78249
78257
78269
78273
78285
78293
78297
78305
78309
78317
78329
78333
78345
78353
78357
78365
78369
78377
78389
78393
78405
78413
78417
78425
78429
78437
78449
78453
78465
78473
78477
78485
78489
78497
78509
78513
78525
78533
78537
78545
78549
78557
78569
78573
78585
78593
78597
78605
78609
78617
78629
78633
78645
78653
78657
78665
78669
78677
78689
78693
78705
78713
78717
78725
78729
78737
78749
78753
78765
78773
78777
78785
78789
78797
78809
78813
78825
78833
78837
78845
78849
78857
78869
78873
78885
78893
78897
78905
78909
78917
78929
78933
78945
78953
78957
78965
78969
78977
78989
78993
79005
79013
79017
79025
79029
79037
79049
79053
79065
79073
79077
79085
79089
79097
79109
79113
79125
79133
79137
79145
79149
79157
79169
79173
79185
79193
79197
79205
79209
79217
79229
79233
79245
79253
79257
79265
79269
79277
79289
79293
79305
79313
79317
79325
79329
79337
79349
79353
79365
79373
79377
79385
79389
79397
79409
79413
79425
79433
79437
79445
79449
79457
79469
79473
79485
79493
79497
79505
79509
79517
79529
79533
79545
79553
79557
79565
79569
79577
79589
79593
79605
79613
79617
79625
79629
79637
79649
79653
79665
79673
79677
79685
79689
79697
79709
79713
79725
79733
79737
79745
79749
79757
79769
79773
79785
79793
79797
79805
79809
79817
79829
79833
79845
79853
79857
79865
79869
79877
79889
79893
79905
79913
79917
79925
79929
79937
79949
79953
79965
79973
79977
79985
79989
79997
80009
80013
80025
80033
80037
80045
80049
80057
80069
80073
80085
80093
80097
80105
80109
80117
80129
80133
80145
80153
80157
80165
80169
80177
80189
80193
80205
80213
80217
80225
80229
80237
80249
80253
80265
80273
80277
80285
80289
80297
80309
80313
80325
80333
80337
80345
80349
80357
80369
80373
80385
80393
80397
80405
80409
80417
80429
80433
80445
80453
80457
80465
80469
80477
80489
80493
80505
80513
80517
80525
80529
80537
80549
80553
80565
80573
80577
80585
80589
80597
80609
80613
80625
80633
80637
80645
80649
80657
80669
80673
80685
80693
80697
80705
80709
80717
80729
80733
80745
80753
80757
80765
80769
80777
80789
80793
80805
80813
80817
80825
80829
80837
80849
80853
80865
80873
80877
80885
80889
80897
80909
80913
80925
80933
80937
80945
80949
80957
80969
80973
80985
80993
80997
81005
81009
81017
81029
81033
81045
81053
81057
81065
81069
81077
81089
81093
81105
81113
81117
81125
81129
81137
81149
81153
81165
81173
81177
81185
81189
81197
81209
81213
81225
81233
81237
81245
81249
81257
81269
81273
81285
81293
81297
81305
81309
81317
81329
81333
81345
81353
81357
81365
81369
81377
81389
81393
81405
81413
81417
81425
81429
81437
81449
81453
81465
81473
81477
81485
81489
81497
81509
81513
81525
81533
81537
81545
81549
81557
81569
81573
81585
81593
81597
81605
81609
81617
81629
81633
81645
81653
81657
81665
81669
81677
81689
81693
81705
81713
81717
81725
81729
81737
81749
81753
81765
81773
81777
81785
81789
81797
81809
81813
81825
81833
81837
81845
81849
81857
81869
81873
81885
81893
81897
81905
81909
81917
81929
81933
81945
81953
81957
81965
81969
81977
81989
81993
82005
82013
82017
82025
82029
82037
82049
82053
82065
82073
82077
82085
82089
82097
82109
82113
82125
82133
82137
82145
82149
82157
82169
82173
82185
82193
82197
82205
82209
82217
82229
82233
82245
82253
82257
82265
82269
82277
82289
82293
82305
82313
82317
82325
82329
82337
82349
82353
82365
82373
82377
82385
82389
82397
82409
82413
82425
82433
82437
82445
82449
82457
82469
82473
82485
82493
82497
82505
82509
82517
82529
82533
82545
82553
82557
82565
82569
82577
82589
82593
82605
82613
82617
82625
82629
82637
82649
82653
82665
82673
82677
82685
82689
82697
82709
82713
82725
82733
82737
82745
82749
82757
82769
82773
82785
82793
82797
82805
82809
82817
82829
82833
82845
82853
82857
82865
82869
82877
82889
82893
82905
82913
82917
82925
82929
82937
82949
82953
82965
82973
82977
82985
82989
82997
83009
83013
83025
83033
83037
83045
83049
83057
83069
83073
83085
83093
83097
83105
83109
83117
83129
83133
83145
83153
83157
83165
83169
83177
83189
83193
83205
83213
83217
83225
83229
83237
83249
83253
83265
83273
83277
83285
83289
83297
83309
83313
83325
83333
83337
83345
83349
83357
83369
83373
83385
83393
83397
83405
83409
83417
83429
83433
83445
83453
83457
83465
83469
83477
83489
83493
83505
83513
83517
83525
83529
83537
83549
83553
83565
83573
83577
83585
83589
83597
83609
83613
83625
83633
83637
83645
83649
83657
83669
83673
83685
83693
83697
83705
83709
83717
83729
83733
83745
83753
83757
83765
83769
83777
83789
83793
83805
83813
83817
83825
83829
83837
83849
83853
83865
83873
83877
83885
83889
83897
83909
83913
83925
83933
83937
83945
83949
83957
83969
83973
83985
83993
83997
84005
84009
84017
84029
84033
84045
84053
84057
84065
84069
84077
84089
84093
84105
84113
84117
84125
84129
84137
84149
84153
84165
84173
84177
84185
84189
84197
84209
84213
84225
84233
84237
84245
84249
84257
84269
84273
84285
84293
84297
84305
84309
84317
84329
84333
84345
84353
84357
84365
84369
84377
84389
84393
84405
84413
84417
84425
84429
84437
84449
84453
84465
84473
84477
84485
84489
84497
84509
84513
84525
84533
84537
84545
84549
84557
84569
84573
84585
84593
84597
84605
84609
84617
84629
84633
84645
84653
84657
84665
84669
84677
84689
84693
84705
84713
84717
84725
84729
84737
84749
84753
84765
84773
84777
84785
84789
84797
84809
84813
84825
84833
84837
84845
84849
84857
84869
84873
84885
84893
84897
84905
84909
84917
84929
84933
84945
84953
84957
84965
84969
84977
84989
84993
85005
85013
85017
85025
85029
85037
85049
85053
85065
85073
85077
85085
85089
85097
85109
85113
85125
85133
85137
85145
85149
85157
85169
85173
85185
85193
85197
85205
85209
85217
85229
85233
85245
85253
85257
85265
85269
85277
85289
85293
85305
85313
85317
85325
85329
85337
85349
85353
85365
85373
85377
85385
85389
85397
85409
85413
85425
85433
85437
85445
85449
85457
85469
85473
85485
85493
85497
85505
85509
85517
85529
85533
85545
85553
85557
85565
85569
85577
85589
85593
85605
85613
85617
85625
85629
85637
85649
85653
85665
85673
85677
85685
85689
85697
85709
85713
85725
85733
85737
85745
85749
85757
85769
85773
85785
85793
85797
85805
85809
85817
85829
85833
85845
85853
85857
85865
85869
85877
85889
85893
85905
85913
85917
85925
85929
85937
85949
85953
85965
85973
85977
85985
85989
85997
86009
86013
86025
86033
86037
86045
86049
86057
86069
86073
86085
86093
86097
86105
86109
86117
86129
86133
86145
86153
86157
86165
86169
86177
86189
86193
86205
86213
86217
86225
86229
86237
86249
86253
86265
86273
86277
86285
86289
86297
86309
86313
86325
86333
86337
86345
86349
86357
86369
86373
86385
86393
86397
86405
86409
86417
86429
86433
86445
86453
86457
86465
86469
86477
86489
86493
86505
86513
86517
86525
86529
86537
86549
86553
86565
86573
86577
86585
86589
86597
86609
86613
86625
86633
86637
86645
86649
86657
86669
86673
86685
86693
86697
86705
86709
86717
86729
86733
86745
86753
86757
86765
86769
86777
86789
86793
86805
86813
86817
86825
86829
86837
86849
86853
86865
86873
86877
86885
86889
86897
86909
86913
86925
86933
86937
86945
86949
86957
86969
86973
86985
86993
86997
87005
87009
87017
87029
87033
87045
87053
87057
87065
87069
87077
87089
87093
87105
87113
87117
87125
87129
87137
87149
87153
87165
87173
87177
87185
87189
87197
87209
87213
87225
87233
87237
87245
87249
87257
87269
87273
87285
87293
87297
87305
87309
87317
87329
87333
87345
87353
87357
87365
87369
87377
87389
87393
87405
87413
87417
87425
87429
87437
87449
87453
87465
87473
87477
87485
87489
87497
87509
87513
87525
87533
87537
87545
87549
87557
87569
87573
87585
87593
87597
87605
87609
87617
87629
87633
87645
87653
87657
87665
87669
87677
87689
87693
87705
87713
87717
87725
87729
87737
87749
87753
87765
87773
87777
87785
87789
87797
87809
87813
87825
87833
87837
87845
87849
87857
87869
87873
87885
87893
87897
87905
87909
87917
87929
87933
87945
87953
87957
87965
87969
87977
87989
87993
88005
88013
88017
88025
88029
88037
88049
88053
88065
88073
88077
88085
88089
88097
88109
88113
88125
88133
88137
88145
88149
88157
88169
88173
88185
88193
88197
88205
88209
88217
88229
88233
88245
88253
88257
88265
88269
88277
88289
88293
88305
88313
88317
88325
88329
88337
88349
88353
88365
88373
88377
88385
88389
88397
88409
88413
88425
88433
88437
88445
88449
88457
88469
88473
88485
88493
88497
88505
88509
88517
88529
88533
88545
88553
88557
88565
88569
88577
88589
88593
88605
88613
88617
88625
88629
88637
88649
88653
88665
88673
88677
88685
88689
88697
88709
88713
88725
88733
88737
88745
88749
88757
88769
88773
88785
88793
88797
88805
88809
88817
88829
88833
88845
88853
88857
88865
88869
88877
88889
88893
88905
88913
88917
88925
88929
88937
88949
88953
88965
88973
88977
88985
88989
88997
89009
89013
89025
89033
89037
89045
89049
89057
89069
89073
89085
89093
89097
89105
89109
89117
89129
89133
89145
89153
89157
89165
89169
89177
89189
89193
89205
89213
89217
89225
89229
89237
89249
89253
89265
89273
89277
89285
89289
89297
89309
89313
89325
89333
89337
89345
89349
89357
89369
89373
89385
89393
89397
89405
89409
89417
89429
89433
89445
89453
89457
89465
89469
89477
89489
89493
89505
89513
89517
89525
89529
89537
89549
89553
89565
89573
89577
89585
89589
89597
89609
89613
89625
89633
89637
89645
89649
89657
89669
89673
89685
89693
89697
89705
89709
89717
89729
89733
89745
89753
89757
89765
89769
89777
89789
89793
89805
89813
89817
89825
89829
89837
89849
89853
89865
89873
89877
89885
89889
89897
89909
89913
89925
89933
89937
89945
89949
89957
89969
89973
89985
89993
89997
90005
90009
90017
90029
90033
90045
90053
90057
90065
90069
90077
90089
90093
90105
90113
90117
90125
90129
90137
90149
90153
90165
90173
90177
90185
90189
90197
90209
90213
90225
90233
90237
90245
90249
90257
90269
90273
90285
90293
90297
90305
90309
90317
90329
90333
90345
90353
90357
90365
90369
90377
90389
90393
90405
90413
90417
90425
90429
90437
90449
90453
90465
90473
90477
90485
90489
90497
90509
90513
90525
90533
90537
90545
90549
90557
90569
90573
90585
90593
90597
90605
90609
90617
90629
90633
90645
90653
90657
90665
90669
90677
90689
90693
90705
90713
90717
90725
90729
90737
90749
90753
90765
90773
90777
90785
90789
90797
90809
90813
90825
90833
90837
90845
90849
90857
90869
90873
90885
90893
90897
90905
90909
90917
90929
90933
90945
90953
90957
90965
90969
90977
90989
90993
91005
91013
91017
91025
91029
91037
91049
91053
91065
91073
91077
91085
91089
91097
91109
91113
91125
91133
91137
91145
91149
91157
91169
91173
91185
91193
91197
91205
91209
91217
91229
91233
91245
91253
91257
91265
91269
91277
91289
91293
91305
91313
91317
91325
91329
91337
91349
91353
91365
91373
91377
91385
91389
91397
91409
91413
91425
91433
91437
91445
91449
91457
91469
91473
91485
91493
91497
91505
91509
91517
91529
91533
91545
91553
91557
91565
91569
91577
91589
91593
91605
91613
91617
91625
91629
91637
91649
91653
91665
91673
91677
91685
91689
91697
91709
91713
91725
91733
91737
91745
91749
91757
91769
91773
91785
91793
91797
91805
91809
91817
91829
91833
91845
91853
91857
91865
91869
91877
91889
91893
91905
91913
91917
91925
91929
91937
91949
91953
91965
91973
91977
91985
91989
91997
92009
92013
92025
92033
92037
92045
92049
92057
92069
92073
92085
92093
92097
92105
92109
92117
92129
92133
92145
92153
92157
92165
92169
92177
92189
92193
92205
92213
92217
92225
92229
92237
92249
92253
92265
92273
92277
92285
92289
92297
92309
92313
92325
92333
92337
92345
92349
92357
92369
92373
92385
92393
92397
92405
92409
92417
92429
92433
92445
92453
92457
92465
92469
92477
92489
92493
92505
92513
92517
92525
92529
92537
92549
92553
92565
92573
92577
92585
92589
92597
92609
92613
92625
92633
92637
92645
92649
92657
92669
92673
92685
92693
92697
92705
92709
92717
92729
92733
92745
92753
92757
92765
92769
92777
92789
92793
92805
92813
92817
92825
92829
92837
92849
92853
92865
92873
92877
92885
92889
92897
92909
92913
92925
92933
92937
92945
92949
92957
92969
92973
92985
92993
92997
93005
93009
93017
93029
93033
93045
93053
93057
93065
93069
93077
93089
93093
93105
93113
93117
93125
93129
93137
93149
93153
93165
93173
93177
93185
93189
93197
93209
93213
93225
93233
93237
93245
93249
93257
93269
93273
93285
93293
93297
93305
93309
93317
93329
93333
93345
93353
93357
93365
93369
93377
93389
93393
93405
93413
93417
93425
93429
93437
93449
93453
93465
93473
93477
93485
93489
93497
93509
93513
93525
93533
93537
93545
93549
93557
93569
93573
93585
93593
93597
93605
93609
93617
93629
93633
93645
93653
93657
93665
93669
93677
93689
93693
93705
93713
93717
93725
93729
93737
93749
93753
93765
93773
93777
93785
93789
93797
93809
93813
93825
93833
93837
93845
93849
93857
93869
93873
93885
93893
93897
93905
93909
93917
93929
93933
93945
93953
93957
93965
93969
93977
93989
93993
94005
94013
94017
94025
94029
94037
94049
94053
94065
94073
94077
94085
94089
94097
94109
94113
94125
94133
94137
94145
94149
94157
94169
94173
94185
94193
94197
94205
94209
94217
94229
94233
94245
94253
94257
94265
94269
94277
94289
94293
94305
94313
94317
94325
94329
94337
94349
94353
94365
94373
94377
94385
94389
94397
94409
94413
94425
94433
94437
94445
94449
94457
94469
94473
94485
94493
94497
94505
94509
94517
94529
94533
94545
94553
94557
94565
94569
94577
94589
94593
94605
94613
94617
94625
94629
94637
94649
94653
94665
94673
94677
94685
94689
94697
94709
94713
94725
94733
94737
94745
94749
94757
94769
94773
94785
94793
94797
94805
94809
94817
94829
94833
94845
94853
94857
94865
94869
94877
94889
94893
94905
94913
94917
94925
94929
94937
94949
94953
94965
94973
94977
94985
94989
94997
95009
95013
95025
95033
95037
95045
95049
95057
95069
95073
95085
95093
95097
95105
95109
95117
95129
95133
95145
95153
95157
95165
95169
95177
95189
95193
95205
95213
95217
95225
95229
95237
95249
95253
95265
95273
95277
95285
95289
95297
95309
95313
95325
95333
95337
95345
95349
95357
95369
95373
95385
95393
95397
95405
95409
95417
95429
95433
95445
95453
95457
95465
95469
95477
95489
95493
95505
95513
95517
95525
95529
95537
95549
95553
95565
95573
95577
95585
95589
95597
95609
95613
95625
95633
95637
95645
95649
95657
95669
95673
95685
95693
95697
95705
95709
95717
95729
95733
95745
95753
95757
95765
95769
95777
95789
95793
95805
95813
95817
95825
95829
95837
95849
95853
95865
95873
95877
95885
95889
95897
95909
95913
95925
95933
95937
95945
95949
95957
95969
95973
95985
95993
95997
96005
96009
96017
96029
96033
96045
96053
96057
96065
96069
96077
96089
96093
96105
96113
96117
96125
96129
96137
96149
96153
96165
96173
96177
96185
96189
96197
96209
96213
96225
96233
96237
96245
96249
96257
96269
96273
96285
96293
96297
96305
96309
96317
96329
96333
96345
96353
96357
96365
96369
96377
96389
96393
96405
96413
96417
96425
96429
96437
96449
96453
96465
96473
96477
96485
96489
96497
96509
96513
96525
96533
96537
96545
96549
96557
96569
96573
96585
96593
96597
96605
96609
96617
96629
96633
96645
96653
96657
96665
96669
96677
96689
96693
96705
96713
96717
96725
96729
96737
96749
96753
96765
96773
96777
96785
96789
96797
96809
96813
96825
96833
96837
96845
96849
96857
96869
96873
96885
96893
96897
96905
96909
96917
96929
96933
96945
96953
96957
96965
96969
96977
96989
96993
97005
97013
97017
97025
97029
97037
97049
97053
97065
97073
97077
97085
97089
97097
97109
97113
97125
97133
97137
97145
97149
97157
97169
97173
97185
97193
97197
97205
97209
97217
97229
97233
97245
97253
97257
97265
97269
97277
97289
97293
97305
97313
97317
97325
97329
97337
97349
97353
97365
97373
97377
97385
97389
97397
97409
97413
97425
97433
97437
97445
97449
97457
97469
97473
97485
97493
97497
97505
97509
97517
97529
97533
97545
97553
97557
97565
97569
97577
97589
97593
97605
97613
97617
97625
97629
97637
97649
97653
97665
97673
97677
97685
97689
97697
97709
97713
97725
97733
97737
97745
97749
97757
97769
97773
97785
97793
97797
97805
97809
97817
97829
97833
97845
97853
97857
97865
97869
97877
97889
97893
97905
97913
97917
97925
97929
97937
97949
97953
97965
97973
97977
97985
97989
97997
98009
98013
98025
98033
98037
98045
98049
98057
98069
98073
98085
98093
98097
98105
98109
98117
98129
98133
98145
98153
98157
98165
98169
98177
98189
98193
98205
98213
98217
98225
98229
98237
98249
98253
98265
98273
98277
98285
98289
98297
98309
98313
98325
98333
98337
98345
98349
98357
98369
98373
98385
98393
98397
98405
98409
98417
98429
98433
98445
98453
98457
98465
98469
98477
98489
98493
98505
98513
98517
98525
98529
98537
98549
98553
98565
98573
98577
98585
98589
98597
98609
98613
98625
98633
98637
98645
98649
98657
98669
98673
98685
98693
98697
98705
98709
98717
98729
98733
98745
98753
98757
98765
98769
98777
98789
98793
98805
98813
98817
98825
98829
98837
98849
98853
98865
98873
98877
98885
98889
98897
98909
98913
98925
98933
98937
98945
98949
98957
98969
98973
98985
98993
98997
99005
99009
99017
99029
99033
99045
99053
99057
99065
99069
99077
99089
99093
99105
99113
99117
99125
99129
99137
99149
99153
99165
99173
99177
99185
99189
99197
99209
99213
99225
99233
99237
99245
99249
99257
99269
99273
99285
99293
99297
99305
99309
99317
99329
99333
99345
99353
99357
99365
99369
99377
99389
99393
99405
99413
99417
99425
99429
99437
99449
99453
99465
99473
99477
99485
99489
99497
99509
99513
99525
99533
99537
99545
99549
99557
99569
99573
99585
99593
99597
99605
99609
99617
99629
99633
99645
99653
99657
99665
99669
99677
99689
99693
99705
99713
99717
99725
99729
99737
99749
99753
99765
99773
99777
99785
99789
99797
99809
99813
99825
99833
99837
99845
99849
99857
99869
99873
99885
99893
99897
99905
99909
99917
99929
99933
99945
99953
99957
99965
99969
99977
99989
99993
100005
100013
100017
100025
100029
100037
100049
100053
100065
100073
100077
100085
100089
100097
100109
100113
100125
100133
100137
100145
100149
100157
100169
100173
100185
100193
100197
100205
100209
100217
100229
100233
100245
100253
100257
100265
100269
100277
100289
100293
100305
100313
100317
100325
100329
100337
100349
100353
100365
100373
100377
100385
100389
100397
100409
100413
100425
100433
100437
100445
100449
100457
100469
100473
100485
100493
100497
100505
100509
100517
100529
100533
100545
100553
100557
100565
100569
100577
100589
100593
100605
100613
100617
100625
100629
100637
100649
100653
100665
100673
100677
100685
100689
100697
100709
100713
100725
100733
100737
100745
100749
100757
100769
100773
100785
100793
100797
100805
100809
100817
100829
100833
100845
100853
100857
100865
100869
100877
100889
100893
100905
100913
100917
100925
100929
100937
100949
100953
100965
100973
100977
100985
100989
100997
101009
101013
101025
101033
101037
101045
101049
101057
101069
101073
101085
101093
101097
101105
101109
101117
101129
101133
101145
101153
101157
101165
101169
101177
101189
101193
101205
101213
101217
101225
101229
101237
101249
101253
101265
101273
101277
101285
101289
101297
101309
101313
101325
101333
101337
101345
101349
101357
101369
101373
101385
101393
101397
101405
101409
101417
101429
101433
101445
101453
101457
101465
101469
101477
101489
101493
101505
101513
101517
101525
101529
101537
101549
101553
101565
101573
101577
101585
101589
101597
101609
101613
101625
101633
101637
101645
101649
101657
101669
101673
101685
101693
101697
101705
101709
101717
101729
101733
101745
101753
101757
101765
101769
101777
101789
101793
101805
101813
101817
101825
101829
101837
101849
101853
101865
101873
101877
101885
101889
101897
101909
101913
101925
101933
101937
101945
101949
101957
101969
101973
101985
101993
101997
102005
102009
102017
102029
102033
102045
102053
102057
102065
102069
102077
102089
102093
102105
102113
102117
102125
102129
102137
102149
102153
102165
102173
102177
102185
102189
102197
102209
102213
102225
102233
102237
102245
102249
102257
102269
102273
102285
102293
102297
102305
102309
102317
102329
102333
102345
102353
102357
102365
102369
102377
102389
102393
102405
102413
102417
102425
102429
102437
102449
102453
102465
102473
102477
102485
102489
102497
102509
102513
102525
102533
102537
102545
102549
102557
102569
102573
102585
102593
102597
102605
102609
102617
102629
102633
102645
102653
102657
102665
102669
102677
102689
102693
102705
102713
102717
102725
102729
102737
102749
102753
102765
102773
102777
102785
102789
102797
102809
102813
102825
102833
102837
102845
102849
102857
102869
102873
102885
102893
102897
102905
102909
102917
102929
102933
102945
102953
102957
102965
102969
102977
102989
102993
103005
103013
103017
103025
103029
103037
103049
103053
103065
103073
103077
103085
103089
103097
103109
103113
103125
103133
103137
103145
103149
103157
103169
103173
103185
103193
103197
103205
103209
103217
103229
103233
103245
103253
103257
103265
103269
103277
103289
103293
103305
103313
103317
103325
103329
103337
103349
103353
103365
103373
103377
103385
103389
103397
103409
103413
103425
103433
103437
103445
103449
103457
103469
103473
103485
103493
103497
103505
103509
103517
103529
103533
103545
103553
103557
103565
103569
103577
103589
103593
103605
103613
103617
103625
103629
103637
103649
103653
103665
103673
103677
103685
103689
103697
103709
103713
103725
103733
103737
103745
103749
103757
103769
103773
103785
103793
103797
103805
103809
103817
103829
103833
103845
103853
103857
103865
103869
103877
103889
103893
103905
103913
103917
103925
103929
103937
103949
103953
103965
103973
103977
103985
103989
103997
104009
104013
104025
104033
104037
104045
104049
104057
104069
104073
104085
104093
104097
104105
104109
104117
104129
104133
104145
104153
104157
104165
104169
104177
104189
104193
104205
104213
104217
104225
104229
104237
104249
104253
104265
104273
104277
104285
104289
104297
104309
104313
104325
104333
104337
104345
104349
104357
104369
104373
104385
104393
104397
104405
104409
104417
104429
104433
104445
104453
104457
104465
104469
104477
104489
104493
104505
104513
104517
104525
104529
104537
104549
104553
104565
104573
104577
104585
104589
104597
104609
104613
104625
104633
104637
104645
104649
104657
104669
104673
104685
104693
104697
104705
104709
104717
104729
104733
104745
104753
104757
104765
104769
104777
104789
104793
104805
104813
104817
104825
104829
104837
104849
104853
104865
104873
104877
104885
104889
104897
104909
104913
104925
104933
104937
104945
104949
104957
104969
104973
104985
104993
104997
105005
105009
105017
105029
105033
105045
105053
105057
105065
105069
105077
105089
105093
105105
105113
105117
105125
105129
105137
105149
105153
105165
105173
105177
105185
105189
105197
105209
105213
105225
105233
105237
105245
105249
105257
105269
105273
105285
105293
105297
105305
105309
105317
105329
105333
105345
105353
105357
105365
105369
105377
105389
105393
105405
105413
105417
105425
105429
105437
105449
105453
105465
105473
105477
105485
105489
105497
105509
105513
105525
105533
105537
105545
105549
105557
105569
105573
105585
105593
105597
105605
105609
105617
105629
105633
105645
105653
105657
105665
105669
105677
105689
105693
105705
105713
105717
105725
105729
105737
105749
105753
105765
105773
105777
105785
105789
105797
105809
105813
105825
105833
105837
105845
105849
105857
105869
105873
105885
105893
105897
105905
105909
105917
105929
105933
105945
105953
105957
105965
105969
105977
105989
105993
106005
106013
106017
106025
106029
106037
106049
106053
106065
106073
106077
106085
106089
106097
106109
106113
106125
106133
106137
106145
106149
106157
106169
106173
106185
106193
106197
106205
106209
106217
106229
106233
106245
106253
106257
106265
106269
106277
106289
106293
106305
106313
106317
106325
106329
106337
106349
106353
106365
106373
106377
106385
106389
106397
106409
106413
106425
106433
106437
106445
106449
106457
106469
106473
106485
106493
106497
106505
106509
106517
106529
106533
106545
106553
106557
106565
106569
106577
106589
106593
106605
106613
106617
106625
106629
106637
106649
106653
106665
106673
106677
106685
106689
106697
106709
106713
106725
106733
106737
106745
106749
106757
106769
106773
106785
106793
106797
106805
106809
106817
106829
106833
106845
106853
106857
106865
106869
106877
106889
106893
106905
106913
106917
106925
106929
106937
106949
106953
106965
106973
106977
106985
106989
106997
107009
107013
107025
107033
107037
107045
107049
107057
107069
107073
107085
107093
107097
107105
107109
107117
107129
107133
107145
107153
107157
107165
107169
107177
107189
107193
107205
107213
107217
107225
107229
107237
107249
107253
107265
107273
107277
107285
107289
107297
107309
107313
107325
107333
107337
107345
107349
107357
107369
107373
107385
107393
107397
107405
107409
107417
107429
107433
107445
107453
107457
107465
107469
107477
107489
107493
107505
107513
107517
107525
107529
107537
107549
107553
107565
107573
107577
107585
107589
107597
107609
107613
107625
107633
107637
107645
107649
107657
107669
107673
107685
107693
107697
107705
107709
107717
107729
107733
107745
107753
107757
107765
107769
107777
107789
107793
107805
107813
107817
107825
107829
107837
107849
107853
107865
107873
107877
107885
107889
107897
107909
107913
107925
107933
107937
107945
107949
107957
107969
107973
107985
107993
107997
108005
108009
108017
108029
108033
108045
108053
108057
108065
108069
108077
108089
108093
108105
108113
108117
108125
108129
108137
108149
108153
108165
108173
108177
108185
108189
108197
108209
108213
108225
108233
108237
108245
108249
108257
108269
108273
108285
108293
108297
108305
108309
108317
108329
108333
108345
108353
108357
108365
108369
108377
108389
108393
108405
108413
108417
108425
108429
108437
108449
108453
108465
108473
108477
108485
108489
108497
108509
108513
108525
108533
108537
108545
108549
108557
108569
108573
108585
108593
108597
108605
108609
108617
108629
108633
108645
108653
108657
108665
108669
108677
108689
108693
108705
108713
108717
108725
108729
108737
108749
108753
108765
108773
108777
108785
108789
108797
108809
108813
108825
108833
108837
108845
108849
108857
108869
108873
108885
108893
108897
108905
108909
108917
108929
108933
108945
108953
108957
108965
108969
108977
108989
108993
109005
109013
109017
109025
109029
109037
109049
109053
109065
109073
109077
109085
109089
109097
109109
109113
109125
109133
109137
109145
109149
109157
109169
109173
109185
109193
109197
109205
109209
109217
109229
109233
109245
109253
109257
109265
109269
109277
109289
109293
109305
109313
109317
109325
109329
109337
109349
109353
109365
109373
109377
109385
109389
109397
109409
109413
109425
109433
109437
109445
109449
109457
109469
109473
109485
109493
109497
109505
109509
109517
109529
109533
109545
109553
109557
109565
109569
109577
109589
109593
109605
109613
109617
109625
109629
109637
109649
109653
109665
109673
109677
109685
109689
109697
109709
109713
109725
109733
109737
109745
109749
109757
109769
109773
109785
109793
109797
109805
109809
109817
109829
109833
109845
109853
109857
109865
109869
109877
109889
109893
109905
109913
109917
109925
109929
109937
109949
109953
109965
109973
109977
109985
109989
109997
110009
110013
110025
110033
110037
110045
110049
110057
110069
110073
110085
110093
110097
110105
110109
110117
110129
110133
110145
110153
110157
110165
110169
110177
110189
110193
110205
110213
110217
110225
110229
110237
110249
110253
110265
110273
110277
110285
110289
110297
110309
110313
110325
110333
110337
110345
110349
110357
110369
110373
110385
110393
110397
110405
110409
110417
110429
110433
110445
110453
110457
110465
110469
110477
110489
110493
110505
110513
110517
110525
110529
110537
110549
110553
110565
110573
110577
110585
110589
110597
110609
110613
110625
110633
110637
110645
110649
110657
110669
110673
110685
110693
110697
110705
110709
110717
110729
110733
110745
110753
110757
110765
110769
110777
110789
110793
110805
110813
110817
110825
110829
110837
110849
110853
110865
110873
110877
110885
110889
110897
110909
110913
110925
110933
110937
110945
110949
110957
110969
110973
110985
110993
110997
111005
111009
111017
111029
111033
111045
111053
111057
111065
111069
111077
111089
111093
111105
111113
111117
111125
111129
111137
111149
111153
111165
111173
111177
111185
111189
111197
111209
111213
111225
111233
111237
111245
111249
111257
111269
111273
111285
111293
111297
111305
111309
111317
111329
111333
111345
111353
111357
111365
111369
111377
111389
111393
111405
111413
111417
111425
111429
111437
111449
111453
111465
111473
111477
111485
111489
111497
111509
111513
111525
111533
111537
111545
111549
111557
111569
111573
111585
111593
111597
111605
111609
111617
111629
111633
111645
111653
111657
111665
111669
111677
111689
111693
111705
111713
111717
111725
111729
111737
111749
111753
111765
111773
111777
111785
111789
111797
111809
111813
111825
111833
111837
111845
111849
111857
111869
111873
111885
111893
111897
111905
111909
111917
111929
111933
111945
111953
111957
111965
111969
111977
111989
111993
112005
112013
112017
112025
112029
112037
112049
112053
112065
112073
112077
112085
112089
112097
112109
112113
112125
112133
112137
112145
112149
112157
112169
112173
112185
112193
112197
112205
112209
112217
112229
112233
112245
112253
112257
112265
112269
112277
112289
112293
112305
112313
112317
112325
112329
112337
112349
112353
112365
112373
112377
112385
112389
112397
112409
112413
112425
112433
112437
112445
112449
112457
112469
112473
112485
112493
112497
112505
112509
112517
112529
112533
112545
112553
112557
112565
112569
112577
112589
112593
112605
112613
112617
112625
112629
112637
112649
112653
112665
112673
112677
112685
112689
112697
112709
112713
112725
112733
112737
112745
112749
112757
112769
112773
112785
112793
112797
112805
112809
112817
112829
112833
112845
112853
112857
112865
112869
112877
112889
112893
112905
112913
112917
112925
112929
112937
112949
112953
112965
112973
112977
112985
112989
112997
113009
113013
113025
113033
113037
113045
113049
113057
113069
113073
113085
113093
113097
113105
113109
113117
113129
113133
113145
113153
113157
113165
113169
113177
113189
113193
113205
113213
113217
113225
113229
113237
113249
113253
113265
113273
113277
113285
113289
113297
113309
113313
113325
113333
113337
113345
113349
113357
113369
113373
113385
113393
113397
113405
113409
113417
113429
113433
113445
113453
113457
113465
113469
113477
113489
113493
113505
113513
113517
113525
113529
113537
113549
113553
113565
113573
113577
113585
113589
113597
113609
113613
113625
113633
113637
113645
113649
113657
113669
113673
113685
113693
113697
113705
113709
113717
113729
113733
113745
113753
113757
113765
113769
113777
113789
113793
113805
113813
113817
113825
113829
113837
113849
113853
113865
113873
113877
113885
113889
113897
113909
113913
113925
113933
113937
113945
113949
113957
113969
113973
113985
113993
113997
114005
114009
114017
114029
114033
114045
114053
114057
114065
114069
114077
114089
114093
114105
114113
114117
114125
114129
114137
114149
114153
114165
114173
114177
114185
114189
114197
114209
114213
114225
114233
114237
114245
114249
114257
114269
114273
114285
114293
114297
114305
114309
114317
114329
114333
114345
114353
114357
114365
114369
114377
114389
114393
114405
114413
114417
114425
114429
114437
114449
114453
114465
114473
114477
114485
114489
114497
114509
114513
114525
114533
114537
114545
114549
114557
114569
114573
114585
114593
114597
114605
114609
114617
114629
114633
114645
114653
114657
114665
114669
114677
114689
114693
114705
114713
114717
114725
114729
114737
114749
114753
114765
114773
114777
114785
114789
114797
114809
114813
114825
114833
114837
114845
114849
114857
114869
114873
114885
114893
114897
114905
114909
114917
114929
114933
114945
114953
114957
114965
114969
114977
114989
114993
115005
115013
115017
115025
115029
115037
115049
115053
115065
115073
115077
115085
115089
115097
115109
115113
115125
115133
115137
115145
115149
115157
115169
115173
115185
115193
115197
115205
115209
115217
115229
115233
115245
115253
115257
115265
115269
115277
115289
115293
115305
115313
115317
115325
115329
115337
115349
115353
115365
115373
115377
115385
115389
115397
115409
115413
115425
115433
115437
115445
115449
115457
115469
115473
115485
115493
115497
115505
115509
115517
115529
115533
115545
115553
115557
115565
115569
115577
115589
115593
115605
115613
115617
115625
115629
115637
115649
115653
115665
115673
115677
115685
115689
115697
115709
115713
115725
115733
115737
115745
115749
115757
115769
115773
115785
115793
115797
115805
115809
115817
115829
115833
115845
115853
115857
115865
115869
115877
115889
115893
115905
115913
115917
115925
115929
115937
115949
115953
115965
115973
115977
115985
115989
115997
116009
116013
116025
116033
116037
116045
116049
116057
116069
116073
116085
116093
116097
116105
116109
116117
116129
116133
116145
116153
116157
116165
116169
116177
116189
116193
116205
116213
116217
116225
116229
116237
116249
116253
116265
116273
116277
116285
116289
116297
116309
116313
116325
116333
116337
116345
116349
116357
116369
116373
116385
116393
116397
116405
116409
116417
116429
116433
116445
116453
116457
116465
116469
116477
116489
116493
116505
116513
116517
116525
116529
116537
116549
116553
116565
116573
116577
116585
116589
116597
116609
116613
116625
116633
116637
116645
116649
116657
116669
116673
116685
116693
116697
116705
116709
116717
116729
116733
116745
116753
116757
116765
116769
116777
116789
116793
116805
116813
116817
116825
116829
116837
116849
116853
116865
116873
116877
116885
116889
116897
116909
116913
116925
116933
116937
116945
116949
116957
116969
116973
116985
116993
116997
117005
117009
117017
117029
117033
117045
117053
117057
117065
117069
117077
117089
117093
117105
117113
117117
117125
117129
117137
117149
117153
117165
117173
117177
117185
117189
117197
117209
117213
117225
117233
117237
117245
117249
117257
117269
117273
117285
117293
117297
117305
117309
117317
117329
117333
117345
117353
117357
117365
117369
117377
117389
117393
117405
117413
117417
117425
117429
117437
117449
117453
117465
117473
117477
117485
117489
117497
117509
117513
117525
117533
117537
117545
117549
117557
117569
117573
117585
117593
117597
117605
117609
117617
117629
117633
117645
117653
117657
117665
117669
117677
117689
117693
117705
117713
117717
117725
117729
117737
117749
117753
117765
117773
117777
117785
117789
117797
117809
117813
117825
117833
117837
117845
117849
117857
117869
117873
117885
117893
117897
117905
117909
117917
117929
117933
117945
117953
117957
117965
117969
117977
117989
117993
118005
118013
118017
118025
118029
118037
118049
118053
118065
118073
118077
118085
118089
118097
118109
118113
118125
118133
118137
118145
118149
118157
118169
118173
118185
118193
118197
118205
118209
118217
118229
118233
118245
118253
118257
118265
118269
118277
118289
118293
118305
118313
118317
118325
118329
118337
118349
118353
118365
118373
118377
118385
118389
118397
118409
118413
118425
118433
118437
118445
118449
118457
118469
118473
118485
118493
118497
118505
118509
118517
118529
118533
118545
118553
118557
118565
118569
118577
118589
118593
118605
118613
118617
118625
118629
118637
118649
118653
118665
118673
118677
118685
118689
118697
118709
118713
118725
118733
118737
118745
118749
118757
118769
118773
118785
118793
118797
118805
118809
118817
118829
118833
118845
118853
118857
118865
118869
118877
118889
118893
118905
118913
118917
118925
118929
118937
118949
118953
118965
118973
118977
118985
118989
118997
119009
119013
119025
119033
119037
119045
119049
119057
119069
119073
119085
119093
119097
119105
119109
119117
119129
119133
119145
119153
119157
119165
119169
119177
119189
119193
119205
119213
119217
119225
119229
119237
119249
119253
119265
119273
119277
119285
119289
119297
119309
119313
119325
119333
119337
119345
119349
119357
119369
119373
119385
119393
119397
119405
119409
119417
119429
119433
119445
119453
119457
119465
119469
119477
119489
119493
119505
119513
119517
119525
119529
119537
119549
119553
119565
119573
119577
119585
119589
119597
119609
119613
119625
119633
119637
119645
119649
119657
119669
119673
119685
119693
119697
119705
119709
119717
119729
119733
119745
119753
119757
119765
119769
119777
119789
119793
119805
119813
119817
119825
119829
119837
119849
119853
119865
119873
119877
119885
119889
119897
119909
119913
119925
119933
119937
119945
119949
119957
119969
119973
119985
119993
119997
4105*17^n-9
60003
60009
60021
60027
60033
60039
60051
60063
60069
60081
60087
60093
60099
60111
60117
60129
60141
60147
60153
60159
60171
60177
60183
60201
60207
60213
60219
60231
60237
60243
60249
60261
60267
60273
60279
60291
60297
60303
60309
60327
60333
60339
60351
60357
60363
60369
60381
60393
60399
60411
60417
60423
60429
60441
60447
60459
60471
60477
60483
60489
60501
60507
60513
60531
60537
60543
60549
60561
60567
60573
60579
60591
60597
60603
60609
60621
60627
60633
60639
60657
60663
60669
60681
60687
60693
60699
60711
60723
60729
60741
60747
60753
60759
60771
60777
60789
60801
60807
60813
60819
60831
60837
60843
60861
60867
60873
60879
60891
60897
60903
60909
60921
60927
60933
60939
60951
60957
60963
60969
60987
60993
60999
61011
61017
61023
61029
61041
61053
61059
61071
61077
61083
61089
61101
61107
61119
61131
61137
61143
61149
61161
61167
61173
61191
61197
61203
61209
61221
61227
61233
61239
61251
61257
61263
61269
61281
61287
61293
61299
61317
61323
61329
61341
61347
61353
61359
61371
61383
61389
61401
61407
61413
61419
61431
61437
61449
61461
61467
61473
61479
61491
61497
61503
61521
61527
61533
61539
61551
61557
61563
61569
61581
61587
61593
61599
61611
61617
61623
61629
61647
61653
61659
61671
61677
61683
61689
61701
61713
61719
61731
61737
61743
61749
61761
61767
61779
61791
61797
61803
61809
61821
61827
61833
61851
61857
61863
61869
61881
61887
61893
61899
61911
61917
61923
61929
61941
61947
61953
61959
61977
61983
61989
62001
62007
62013
62019
62031
62043
62049
62061
62067
62073
62079
62091
62097
62109
62121
62127
62133
62139
62151
62157
62163
62181
62187
62193
62199
62211
62217
62223
62229
62241
62247
62253
62259
62271
62277
62283
62289
62307
62313
62319
62331
62337
62343
62349
62361
62373
62379
62391
62397
62403
62409
62421
62427
62439
62451
62457
62463
62469
62481
62487
62493
62511
62517
62523
62529
62541
62547
62553
62559
62571
62577
62583
62589
62601
62607
62613
62619
62637
62643
62649
62661
62667
62673
62679
62691
62703
62709
62721
62727
62733
62739
62751
62757
62769
62781
62787
62793
62799
62811
62817
62823
62841
62847
62853
62859
62871
62877
62883
62889
62901
62907
62913
62919
62931
62937
62943
62949
62967
62973
62979
62991
62997
63003
63009
63021
63033
63039
63051
63057
63063
63069
63081
63087
63099
63111
63117
63123
63129
63141
63147
63153
63171
63177
63183
63189
63201
63207
63213
63219
63231
63237
63243
63249
63261
63267
63273
63279
63297
63303
63309
63321
63327
63333
63339
63351
63363
63369
63381
63387
63393
63399
63411
63417
63429
63441
63447
63453
63459
63471
63477
63483
63501
63507
63513
63519
63531
63537
63543
63549
63561
63567
63573
63579
63591
63597
63603
63609
63627
63633
63639
63651
63657
63663
63669
63681
63693
63699
63711
63717
63723
63729
63741
63747
63759
63771
63777
63783
63789
63801
63807
63813
63831
63837
63843
63849
63861
63867
63873
63879
63891
63897
63903
63909
63921
63927
63933
63939
63957
63963
63969
63981
63987
63993
63999
64011
64023
64029
64041
64047
64053
64059
64071
64077
64089
64101
64107
64113
64119
64131
64137
64143
64161
64167
64173
64179
64191
64197
64203
64209
64221
64227
64233
64239
64251
64257
64263
64269
64287
64293
64299
64311
64317
64323
64329
64341
64353
64359
64371
64377
64383
64389
64401
64407
64419
64431
64437
64443
64449
64461
64467
64473
64491
64497
64503
64509
64521
64527
64533
64539
64551
64557
64563
64569
64581
64587
64593
64599
64617
64623
64629
64641
64647
64653
64659
64671
64683
64689
64701
64707
64713
64719
64731
64737
64749
64761
64767
64773
64779
64791
64797
64803
64821
64827
64833
64839
64851
64857
64863
64869
64881
64887
64893
64899
64911
64917
64923
64929
64947
64953
64959
64971
64977
64983
64989
65001
65013
65019
65031
65037
65043
65049
65061
65067
65079
65091
65097
65103
65109
65121
65127
65133
65151
65157
65163
65169
65181
65187
65193
65199
65211
65217
65223
65229
65241
65247
65253
65259
65277
65283
65289
65301
65307
65313
65319
65331
65343
65349
65361
65367
65373
65379
65391
65397
65409
65421
65427
65433
65439
65451
65457
65463
65481
65487
65493
65499
65511
65517
65523
65529
65541
65547
65553
65559
65571
65577
65583
65589
65607
65613
65619
65631
65637
65643
65649
65661
65673
65679
65691
65697
65703
65709
65721
65727
65739
65751
65757
65763
65769
65781
65787
65793
65811
65817
65823
65829
65841
65847
65853
65859
65871
65877
65883
65889
65901
65907
65913
65919
65937
65943
65949
65961
65967
65973
65979
65991
66003
66009
66021
66027
66033
66039
66051
66057
66069
66081
66087
66093
66099
66111
66117
66123
66141
66147
66153
66159
66171
66177
66183
66189
66201
66207
66213
66219
66231
66237
66243
66249
66267
66273
66279
66291
66297
66303
66309
66321
66333
66339
66351
66357
66363
66369
66381
66387
66399
66411
66417
66423
66429
66441
66447
66453
66471
66477
66483
66489
66501
66507
66513
66519
66531
66537
66543
66549
66561
66567
66573
66579
66597
66603
66609
66621
66627
66633
66639
66651
66663
66669
66681
66687
66693
66699
66711
66717
66729
66741
66747
66753
66759
66771
66777
66783
66801
66807
66813
66819
66831
66837
66843
66849
66861
66867
66873
66879
66891
66897
66903
66909
66927
66933
66939
66951
66957
66963
66969
66981
66993
66999
67011
67017
67023
67029
67041
67047
67059
67071
67077
67083
67089
67101
67107
67113
67131
67137
67143
67149
67161
67167
67173
67179
67191
67197
67203
67209
67221
67227
67233
67239
67257
67263
67269
67281
67287
67293
67299
67311
67323
67329
67341
67347
67353
67359
67371
67377
67389
67401
67407
67413
67419
67431
67437
67443
67461
67467
67473
67479
67491
67497
67503
67509
67521
67527
67533
67539
67551
67557
67563
67569
67587
67593
67599
67611
67617
67623
67629
67641
67653
67659
67671
67677
67683
67689
67701
67707
67719
67731
67737
67743
67749
67761
67767
67773
67791
67797
67803
67809
67821
67827
67833
67839
67851
67857
67863
67869
67881
67887
67893
67899
67917
67923
67929
67941
67947
67953
67959
67971
67983
67989
68001
68007
68013
68019
68031
68037
68049
68061
68067
68073
68079
68091
68097
68103
68121
68127
68133
68139
68151
68157
68163
68169
68181
68187
68193
68199
68211
68217
68223
68229
68247
68253
68259
68271
68277
68283
68289
68301
68313
68319
68331
68337
68343
68349
68361
68367
68379
68391
68397
68403
68409
68421
68427
68433
68451
68457
68463
68469
68481
68487
68493
68499
68511
68517
68523
68529
68541
68547
68553
68559
68577
68583
68589
68601
68607
68613
68619
68631
68643
68649
68661
68667
68673
68679
68691
68697
68709
68721
68727
68733
68739
68751
68757
68763
68781
68787
68793
68799
68811
68817
68823
68829
68841
68847
68853
68859
68871
68877
68883
68889
68907
68913
68919
68931
68937
68943
68949
68961
68973
68979
68991
68997
69003
69009
69021
69027
69039
69051
69057
69063
69069
69081
69087
69093
69111
69117
69123
69129
69141
69147
69153
69159
69171
69177
69183
69189
69201
69207
69213
69219
69237
69243
69249
69261
69267
69273
69279
69291
69303
69309
69321
69327
69333
69339
69351
69357
69369
69381
69387
69393
69399
69411
69417
69423
69441
69447
69453
69459
69471
69477
69483
69489
69501
69507
69513
69519
69531
69537
69543
69549
69567
69573
69579
69591
69597
69603
69609
69621
69633
69639
69651
69657
69663
69669
69681
69687
69699
69711
69717
69723
69729
69741
69747
69753
69771
69777
69783
69789
69801
69807
69813
69819
69831
69837
69843
69849
69861
69867
69873
69879
69897
69903
69909
69921
69927
69933
69939
69951
69963
69969
69981
69987
69993
69999
70011
70017
70029
70041
70047
70053
70059
70071
70077
70083
70101
70107
70113
70119
70131
70137
70143
70149
70161
70167
70173
70179
70191
70197
70203
70209
70227
70233
70239
70251
70257
70263
70269
70281
70293
70299
70311
70317
70323
70329
70341
70347
70359
70371
70377
70383
70389
70401
70407
70413
70431
70437
70443
70449
70461
70467
70473
70479
70491
70497
70503
70509
70521
70527
70533
70539
70557
70563
70569
70581
70587
70593
70599
70611
70623
70629
70641
70647
70653
70659
70671
70677
70689
70701
70707
70713
70719
70731
70737
70743
70761
70767
70773
70779
70791
70797
70803
70809
70821
70827
70833
70839
70851
70857
70863
70869
70887
70893
70899
70911
70917
70923
70929
70941
70953
70959
70971
70977
70983
70989
71001
71007
71019
71031
71037
71043
71049
71061
71067
71073
71091
71097
71103
71109
71121
71127
71133
71139
71151
71157
71163
71169
71181
71187
71193
71199
71217
71223
71229
71241
71247
71253
71259
71271
71283
71289
71301
71307
71313
71319
71331
71337
71349
71361
71367
71373
71379
71391
71397
71403
71421
71427
71433
71439
71451
71457
71463
71469
71481
71487
71493
71499
71511
71517
71523
71529
71547
71553
71559
71571
71577
71583
71589
71601
71613
71619
71631
71637
71643
71649
71661
71667
71679
71691
71697
71703
71709
71721
71727
71733
71751
71757
71763
71769
71781
71787
71793
71799
71811
71817
71823
71829
71841
71847
71853
71859
71877
71883
71889
71901
71907
71913
71919
71931
71943
71949
71961
71967
71973
71979
71991
71997
72009
72021
72027
72033
72039
72051
72057
72063
72081
72087
72093
72099
72111
72117
72123
72129
72141
72147
72153
72159
72171
72177
72183
72189
72207
72213
72219
72231
72237
72243
72249
72261
72273
72279
72291
72297
72303
72309
72321
72327
72339
72351
72357
72363
72369
72381
72387
72393
72411
72417
72423
72429
72441
72447
72453
72459
72471
72477
72483
72489
72501
72507
72513
72519
72537
72543
72549
72561
72567
72573
72579
72591
72603
72609
72621
72627
72633
72639
72651
72657
72669
72681
72687
72693
72699
72711
72717
72723
72741
72747
72753
72759
72771
72777
72783
72789
72801
72807
72813
72819
72831
72837
72843
72849
72867
72873
72879
72891
72897
72903
72909
72921
72933
72939
72951
72957
72963
72969
72981
72987
72999
73011
73017
73023
73029
73041
73047
73053
73071
73077
73083
73089
73101
73107
73113
73119
73131
73137
73143
73149
73161
73167
73173
73179
73197
73203
73209
73221
73227
73233
73239
73251
73263
73269
73281
73287
73293
73299
73311
73317
73329
73341
73347
73353
73359
73371
73377
73383
73401
73407
73413
73419
73431
73437
73443
73449
73461
73467
73473
73479
73491
73497
73503
73509
73527
73533
73539
73551
73557
73563
73569
73581
73593
73599
73611
73617
73623
73629
73641
73647
73659
73671
73677
73683
73689
73701
73707
73713
73731
73737
73743
73749
73761
73767
73773
73779
73791
73797
73803
73809
73821
73827
73833
73839
73857
73863
73869
73881
73887
73893
73899
73911
73923
73929
73941
73947
73953
73959
73971
73977
73989
74001
74007
74013
74019
74031
74037
74043
74061
74067
74073
74079
74091
74097
74103
74109
74121
74127
74133
74139
74151
74157
74163
74169
74187
74193
74199
74211
74217
74223
74229
74241
74253
74259
74271
74277
74283
74289
74301
74307
74319
74331
74337
74343
74349
74361
74367
74373
74391
74397
74403
74409
74421
74427
74433
74439
74451
74457
74463
74469
74481
74487
74493
74499
74517
74523
74529
74541
74547
74553
74559
74571
74583
74589
74601
74607
74613
74619
74631
74637
74649
74661
74667
74673
74679
74691
74697
74703
74721
74727
74733
74739
74751
74757
74763
74769
74781
74787
74793
74799
74811
74817
74823
74829
74847
74853
74859
74871
74877
74883
74889
74901
74913
74919
74931
74937
74943
74949
74961
74967
74979
74991
74997
75003
75009
75021
75027
75033
75051
75057
75063
75069
75081
75087
75093
75099
75111
75117
75123
75129
75141
75147
75153
75159
75177
75183
75189
75201
75207
75213
75219
75231
75243
75249
75261
75267
75273
75279
75291
75297
75309
75321
75327
75333
75339
75351
75357
75363
75381
75387
75393
75399
75411
75417
75423
75429
75441
75447
75453
75459
75471
75477
75483
75489
75507
75513
75519
75531
75537
75543
75549
75561
75573
75579
75591
75597
75603
75609
75621
75627
75639
75651
75657
75663
75669
75681
75687
75693
75711
75717
75723
75729
75741
75747
75753
75759
75771
75777
75783
75789
75801
75807
75813
75819
75837
75843
75849
75861
75867
75873
75879
75891
75903
75909
75921
75927
75933
75939
75951
75957
75969
75981
75987
75993
75999
76011
76017
76023
76041
76047
76053
76059
76071
76077
76083
76089
76101
76107
76113
76119
76131
76137
76143
76149
76167
76173
76179
76191
76197
76203
76209
76221
76233
76239
76251
76257
76263
76269
76281
76287
76299
76311
76317
76323
76329
76341
76347
76353
76371
76377
76383
76389
76401
76407
76413
76419
76431
76437
76443
76449
76461
76467
76473
76479
76497
76503
76509
76521
76527
76533
76539
76551
76563
76569
76581
76587
76593
76599
76611
76617
76629
76641
76647
76653
76659
76671
76677
76683
76701
76707
76713
76719
76731
76737
76743
76749
76761
76767
76773
76779
76791
76797
76803
76809
76827
76833
76839
76851
76857
76863
76869
76881
76893
76899
76911
76917
76923
76929
76941
76947
76959
76971
76977
76983
76989
77001
77007
77013
77031
77037
77043
77049
77061
77067
77073
77079
77091
77097
77103
77109
77121
77127
77133
77139
77157
77163
77169
77181
77187
77193
77199
77211
77223
77229
77241
77247
77253
77259
77271
77277
77289
77301
77307
77313
77319
77331
77337
77343
77361
77367
77373
77379
77391
77397
77403
77409
77421
77427
77433
77439
77451
77457
77463
77469
77487
77493
77499
77511
77517
77523
77529
77541
77553
77559
77571
77577
77583
77589
77601
77607
77619
77631
77637
77643
77649
77661
77667
77673
77691
77697
77703
77709
77721
77727
77733
77739
77751
77757
77763
77769
77781
77787
77793
77799
77817
77823
77829
77841
77847
77853
77859
77871
77883
77889
77901
77907
77913
77919
77931
77937
77949
77961
77967
77973
77979
77991
77997
78003
78021
78027
78033
78039
78051
78057
78063
78069
78081
78087
78093
78099
78111
78117
78123
78129
78147
78153
78159
78171
78177
78183
78189
78201
78213
78219
78231
78237
78243
78249
78261
78267
78279
78291
78297
78303
78309
78321
78327
78333
78351
78357
78363
78369
78381
78387
78393
78399
78411
78417
78423
78429
78441
78447
78453
78459
78477
78483
78489
78501
78507
78513
78519
78531
78543
78549
78561
78567
78573
78579
78591
78597
78609
78621
78627
78633
78639
78651
78657
78663
78681
78687
78693
78699
78711
78717
78723
78729
78741
78747
78753
78759
78771
78777
78783
78789
78807
78813
78819
78831
78837
78843
78849
78861
78873
78879
78891
78897
78903
78909
78921
78927
78939
78951
78957
78963
78969
78981
78987
78993
79011
79017
79023
79029
79041
79047
79053
79059
79071
79077
79083
79089
79101
79107
79113
79119
79137
79143
79149
79161
79167
79173
79179
79191
79203
79209
79221
79227
79233
79239
79251
79257
79269
79281
79287
79293
79299
79311
79317
79323
79341
79347
79353
79359
79371
79377
79383
79389
79401
79407
79413
79419
79431
79437
79443
79449
79467
79473
79479
79491
79497
79503
79509
79521
79533
79539
79551
79557
79563
79569
79581
79587
79599
79611
79617
79623
79629
79641
79647
79653
79671
79677
79683
79689
79701
79707
79713
79719
79731
79737
79743
79749
79761
79767
79773
79779
79797
79803
79809
79821
79827
79833
79839
79851
79863
79869
79881
79887
79893
79899
79911
79917
79929
79941
79947
79953
79959
79971
79977
79983
80001
80007
80013
80019
80031
80037
80043
80049
80061
80067
80073
80079
80091
80097
80103
80109
80127
80133
80139
80151
80157
80163
80169
80181
80193
80199
80211
80217
80223
80229
80241
80247
80259
80271
80277
80283
80289
80301
80307
80313
80331
80337
80343
80349
80361
80367
80373
80379
80391
80397
80403
80409
80421
80427
80433
80439
80457
80463
80469
80481
80487
80493
80499
80511
80523
80529
80541
80547
80553
80559
80571
80577
80589
80601
80607
80613
80619
80631
80637
80643
80661
80667
80673
80679
80691
80697
80703
80709
80721
80727
80733
80739
80751
80757
80763
80769
80787
80793
80799
80811
80817
80823
80829
80841
80853
80859
80871
80877
80883
80889
80901
80907
80919
80931
80937
80943
80949
80961
80967
80973
80991
80997
81003
81009
81021
81027
81033
81039
81051
81057
81063
81069
81081
81087
81093
81099
81117
81123
81129
81141
81147
81153
81159
81171
81183
81189
81201
81207
81213
81219
81231
81237
81249
81261
81267
81273
81279
81291
81297
81303
81321
81327
81333
81339
81351
81357
81363
81369
81381
81387
81393
81399
81411
81417
81423
81429
81447
81453
81459
81471
81477
81483
81489
81501
81513
81519
81531
81537
81543
81549
81561
81567
81579
81591
81597
81603
81609
81621
81627
81633
81651
81657
81663
81669
81681
81687
81693
81699
81711
81717
81723
81729
81741
81747
81753
81759
81777
81783
81789
81801
81807
81813
81819
81831
81843
81849
81861
81867
81873
81879
81891
81897
81909
81921
81927
81933
81939
81951
81957
81963
81981
81987
81993
81999
82011
82017
82023
82029
82041
82047
82053
82059
82071
82077
82083
82089
82107
82113
82119
82131
82137
82143
82149
82161
82173
82179
82191
82197
82203
82209
82221
82227
82239
82251
82257
82263
82269
82281
82287
82293
82311
82317
82323
82329
82341
82347
82353
82359
82371
82377
82383
82389
82401
82407
82413
82419
82437
82443
82449
82461
82467
82473
82479
82491
82503
82509
82521
82527
82533
82539
82551
82557
82569
82581
82587
82593
82599
82611
82617
82623
82641
82647
82653
82659
82671
82677
82683
82689
82701
82707
82713
82719
82731
82737
82743
82749
82767
82773
82779
82791
82797
82803
82809
82821
82833
82839
82851
82857
82863
82869
82881
82887
82899
82911
82917
82923
82929
82941
82947
82953
82971
82977
82983
82989
83001
83007
83013
83019
83031
83037
83043
83049
83061
83067
83073
83079
83097
83103
83109
83121
83127
83133
83139
83151
83163
83169
83181
83187
83193
83199
83211
83217
83229
83241
83247
83253
83259
83271
83277
83283
83301
83307
83313
83319
83331
83337
83343
83349
83361
83367
83373
83379
83391
83397
83403
83409
83427
83433
83439
83451
83457
83463
83469
83481
83493
83499
83511
83517
83523
83529
83541
83547
83559
83571
83577
83583
83589
83601
83607
83613
83631
83637
83643
83649
83661
83667
83673
83679
83691
83697
83703
83709
83721
83727
83733
83739
83757
83763
83769
83781
83787
83793
83799
83811
83823
83829
83841
83847
83853
83859
83871
83877
83889
83901
83907
83913
83919
83931
83937
83943
83961
83967
83973
83979
83991
83997
84003
84009
84021
84027
84033
84039
84051
84057
84063
84069
84087
84093
84099
84111
84117
84123
84129
84141
84153
84159
84171
84177
84183
84189
84201
84207
84219
84231
84237
84243
84249
84261
84267
84273
84291
84297
84303
84309
84321
84327
84333
84339
84351
84357
84363
84369
84381
84387
84393
84399
84417
84423
84429
84441
84447
84453
84459
84471
84483
84489
84501
84507
84513
84519
84531
84537
84549
84561
84567
84573
84579
84591
84597
84603
84621
84627
84633
84639
84651
84657
84663
84669
84681
84687
84693
84699
84711
84717
84723
84729
84747
84753
84759
84771
84777
84783
84789
84801
84813
84819
84831
84837
84843
84849
84861
84867
84879
84891
84897
84903
84909
84921
84927
84933
84951
84957
84963
84969
84981
84987
84993
84999
85011
85017
85023
85029
85041
85047
85053
85059
85077
85083
85089
85101
85107
85113
85119
85131
85143
85149
85161
85167
85173
85179
85191
85197
85209
85221
85227
85233
85239
85251
85257
85263
85281
85287
85293
85299
85311
85317
85323
85329
85341
85347
85353
85359
85371
85377
85383
85389
85407
85413
85419
85431
85437
85443
85449
85461
85473
85479
85491
85497
85503
85509
85521
85527
85539
85551
85557
85563
85569
85581
85587
85593
85611
85617
85623
85629
85641
85647
85653
85659
85671
85677
85683
85689
85701
85707
85713
85719
85737
85743
85749
85761
85767
85773
85779
85791
85803
85809
85821
85827
85833
85839
85851
85857
85869
85881
85887
85893
85899
85911
85917
85923
85941
85947
85953
85959
85971
85977
85983
85989
86001
86007
86013
86019
86031
86037
86043
86049
86067
86073
86079
86091
86097
86103
86109
86121
86133
86139
86151
86157
86163
86169
86181
86187
86199
86211
86217
86223
86229
86241
86247
86253
86271
86277
86283
86289
86301
86307
86313
86319
86331
86337
86343
86349
86361
86367
86373
86379
86397
86403
86409
86421
86427
86433
86439
86451
86463
86469
86481
86487
86493
86499
86511
86517
86529
86541
86547
86553
86559
86571
86577
86583
86601
86607
86613
86619
86631
86637
86643
86649
86661
86667
86673
86679
86691
86697
86703
86709
86727
86733
86739
86751
86757
86763
86769
86781
86793
86799
86811
86817
86823
86829
86841
86847
86859
86871
86877
86883
86889
86901
86907
86913
86931
86937
86943
86949
86961
86967
86973
86979
86991
86997
87003
87009
87021
87027
87033
87039
87057
87063
87069
87081
87087
87093
87099
87111
87123
87129
87141
87147
87153
87159
87171
87177
87189
87201
87207
87213
87219
87231
87237
87243
87261
87267
87273
87279
87291
87297
87303
87309
87321
87327
87333
87339
87351
87357
87363
87369
87387
87393
87399
87411
87417
87423
87429
87441
87453
87459
87471
87477
87483
87489
87501
87507
87519
87531
87537
87543
87549
87561
87567
87573
87591
87597
87603
87609
87621
87627
87633
87639
87651
87657
87663
87669
87681
87687
87693
87699
87717
87723
87729
87741
87747
87753
87759
87771
87783
87789
87801
87807
87813
87819
87831
87837
87849
87861
87867
87873
87879
87891
87897
87903
87921
87927
87933
87939
87951
87957
87963
87969
87981
87987
87993
87999
88011
88017
88023
88029
88047
88053
88059
88071
88077
88083
88089
88101
88113
88119
88131
88137
88143
88149
88161
88167
88179
88191
88197
88203
88209
88221
88227
88233
88251
88257
88263
88269
88281
88287
88293
88299
88311
88317
88323
88329
88341
88347
88353
88359
88377
88383
88389
88401
88407
88413
88419
88431
88443
88449
88461
88467
88473
88479
88491
88497
88509
88521
88527
88533
88539
88551
88557
88563
88581
88587
88593
88599
88611
88617
88623
88629
88641
88647
88653
88659
88671
88677
88683
88689
88707
88713
88719
88731
88737
88743
88749
88761
88773
88779
88791
88797
88803
88809
88821
88827
88839
88851
88857
88863
88869
88881
88887
88893
88911
88917
88923
88929
88941
88947
88953
88959
88971
88977
88983
88989
89001
89007
89013
89019
89037
89043
89049
89061
89067
89073
89079
89091
89103
89109
89121
89127
89133
89139
89151
89157
89169
89181
89187
89193
89199
89211
89217
89223
89241
89247
89253
89259
89271
89277
89283
89289
89301
89307
89313
89319
89331
89337
89343
89349
89367
89373
89379
89391
89397
89403
89409
89421
89433
89439
89451
89457
89463
89469
89481
89487
89499
89511
89517
89523
89529
89541
89547
89553
89571
89577
89583
89589
89601
89607
89613
89619
89631
89637
89643
89649
89661
89667
89673
89679
89697
89703
89709
89721
89727
89733
89739
89751
89763
89769
89781
89787
89793
89799
89811
89817
89829
89841
89847
89853
89859
89871
89877
89883
89901
89907
89913
89919
89931
89937
89943
89949
89961
89967
89973
89979
89991
89997
90003
90009
90027
90033
90039
90051
90057
90063
90069
90081
90093
90099
90111
90117
90123
90129
90141
90147
90159
90171
90177
90183
90189
90201
90207
90213
90231
90237
90243
90249
90261
90267
90273
90279
90291
90297
90303
90309
90321
90327
90333
90339
90357
90363
90369
90381
90387
90393
90399
90411
90423
90429
90441
90447
90453
90459
90471
90477
90489
90501
90507
90513
90519
90531
90537
90543
90561
90567
90573
90579
90591
90597
90603
90609
90621
90627
90633
90639
90651
90657
90663
90669
90687
90693
90699
90711
90717
90723
90729
90741
90753
90759
90771
90777
90783
90789
90801
90807
90819
90831
90837
90843
90849
90861
90867
90873
90891
90897
90903
90909
90921
90927
90933
90939
90951
90957
90963
90969
90981
90987
90993
90999
91017
91023
91029
91041
91047
91053
91059
91071
91083
91089
91101
91107
91113
91119
91131
91137
91149
91161
91167
91173
91179
91191
91197
91203
91221
91227
91233
91239
91251
91257
91263
91269
91281
91287
91293
91299
91311
91317
91323
91329
91347
91353
91359
91371
91377
91383
91389
91401
91413
91419
91431
91437
91443
91449
91461
91467
91479
91491
91497
91503
91509
91521
91527
91533
91551
91557
91563
91569
91581
91587
91593
91599
91611
91617
91623
91629
91641
91647
91653
91659
91677
91683
91689
91701
91707
91713
91719
91731
91743
91749
91761
91767
91773
91779
91791
91797
91809
91821
91827
91833
91839
91851
91857
91863
91881
91887
91893
91899
91911
91917
91923
91929
91941
91947
91953
91959
91971
91977
91983
91989
92007
92013
92019
92031
92037
92043
92049
92061
92073
92079
92091
92097
92103
92109
92121
92127
92139
92151
92157
92163
92169
92181
92187
92193
92211
92217
92223
92229
92241
92247
92253
92259
92271
92277
92283
92289
92301
92307
92313
92319
92337
92343
92349
92361
92367
92373
92379
92391
92403
92409
92421
92427
92433
92439
92451
92457
92469
92481
92487
92493
92499
92511
92517
92523
92541
92547
92553
92559
92571
92577
92583
92589
92601
92607
92613
92619
92631
92637
92643
92649
92667
92673
92679
92691
92697
92703
92709
92721
92733
92739
92751
92757
92763
92769
92781
92787
92799
92811
92817
92823
92829
92841
92847
92853
92871
92877
92883
92889
92901
92907
92913
92919
92931
92937
92943
92949
92961
92967
92973
92979
92997
93003
93009
93021
93027
93033
93039
93051
93063
93069
93081
93087
93093
93099
93111
93117
93129
93141
93147
93153
93159
93171
93177
93183
93201
93207
93213
93219
93231
93237
93243
93249
93261
93267
93273
93279
93291
93297
93303
93309
93327
93333
93339
93351
93357
93363
93369
93381
93393
93399
93411
93417
93423
93429
93441
93447
93459
93471
93477
93483
93489
93501
93507
93513
93531
93537
93543
93549
93561
93567
93573
93579
93591
93597
93603
93609
93621
93627
93633
93639
93657
93663
93669
93681
93687
93693
93699
93711
93723
93729
93741
93747
93753
93759
93771
93777
93789
93801
93807
93813
93819
93831
93837
93843
93861
93867
93873
93879
93891
93897
93903
93909
93921
93927
93933
93939
93951
93957
93963
93969
93987
93993
93999
94011
94017
94023
94029
94041
94053
94059
94071
94077
94083
94089
94101
94107
94119
94131
94137
94143
94149
94161
94167
94173
94191
94197
94203
94209
94221
94227
94233
94239
94251
94257
94263
94269
94281
94287
94293
94299
94317
94323
94329
94341
94347
94353
94359
94371
94383
94389
94401
94407
94413
94419
94431
94437
94449
94461
94467
94473
94479
94491
94497
94503
94521
94527
94533
94539
94551
94557
94563
94569
94581
94587
94593
94599
94611
94617
94623
94629
94647
94653
94659
94671
94677
94683
94689
94701
94713
94719
94731
94737
94743
94749
94761
94767
94779
94791
94797
94803
94809
94821
94827
94833
94851
94857
94863
94869
94881
94887
94893
94899
94911
94917
94923
94929
94941
94947
94953
94959
94977
94983
94989
95001
95007
95013
95019
95031
95043
95049
95061
95067
95073
95079
95091
95097
95109
95121
95127
95133
95139
95151
95157
95163
95181
95187
95193
95199
95211
95217
95223
95229
95241
95247
95253
95259
95271
95277
95283
95289
95307
95313
95319
95331
95337
95343
95349
95361
95373
95379
95391
95397
95403
95409
95421
95427
95439
95451
95457
95463
95469
95481
95487
95493
95511
95517
95523
95529
95541
95547
95553
95559
95571
95577
95583
95589
95601
95607
95613
95619
95637
95643
95649
95661
95667
95673
95679
95691
95703
95709
95721
95727
95733
95739
95751
95757
95769
95781
95787
95793
95799
95811
95817
95823
95841
95847
95853
95859
95871
95877
95883
95889
95901
95907
95913
95919
95931
95937
95943
95949
95967
95973
95979
95991
95997
96003
96009
96021
96033
96039
96051
96057
96063
96069
96081
96087
96099
96111
96117
96123
96129
96141
96147
96153
96171
96177
96183
96189
96201
96207
96213
96219
96231
96237
96243
96249
96261
96267
96273
96279
96297
96303
96309
96321
96327
96333
96339
96351
96363
96369
96381
96387
96393
96399
96411
96417
96429
96441
96447
96453
96459
96471
96477
96483
96501
96507
96513
96519
96531
96537
96543
96549
96561
96567
96573
96579
96591
96597
96603
96609
96627
96633
96639
96651
96657
96663
96669
96681
96693
96699
96711
96717
96723
96729
96741
96747
96759
96771
96777
96783
96789
96801
96807
96813
96831
96837
96843
96849
96861
96867
96873
96879
96891
96897
96903
96909
96921
96927
96933
96939
96957
96963
96969
96981
96987
96993
96999
97011
97023
97029
97041
97047
97053
97059
97071
97077
97089
97101
97107
97113
97119
97131
97137
97143
97161
97167
97173
97179
97191
97197
97203
97209
97221
97227
97233
97239
97251
97257
97263
97269
97287
97293
97299
97311
97317
97323
97329
97341
97353
97359
97371
97377
97383
97389
97401
97407
97419
97431
97437
97443
97449
97461
97467
97473
97491
97497
97503
97509
97521
97527
97533
97539
97551
97557
97563
97569
97581
97587
97593
97599
97617
97623
97629
97641
97647
97653
97659
97671
97683
97689
97701
97707
97713
97719
97731
97737
97749
97761
97767
97773
97779
97791
97797
97803
97821
97827
97833
97839
97851
97857
97863
97869
97881
97887
97893
97899
97911
97917
97923
97929
97947
97953
97959
97971
97977
97983
97989
98001
98013
98019
98031
98037
98043
98049
98061
98067
98079
98091
98097
98103
98109
98121
98127
98133
98151
98157
98163
98169
98181
98187
98193
98199
98211
98217
98223
98229
98241
98247
98253
98259
98277
98283
98289
98301
98307
98313
98319
98331
98343
98349
98361
98367
98373
98379
98391
98397
98409
98421
98427
98433
98439
98451
98457
98463
98481
98487
98493
98499
98511
98517
98523
98529
98541
98547
98553
98559
98571
98577
98583
98589
98607
98613
98619
98631
98637
98643
98649
98661
98673
98679
98691
98697
98703
98709
98721
98727
98739
98751
98757
98763
98769
98781
98787
98793
98811
98817
98823
98829
98841
98847
98853
98859
98871
98877
98883
98889
98901
98907
98913
98919
98937
98943
98949
98961
98967
98973
98979
98991
99003
99009
99021
99027
99033
99039
99051
99057
99069
99081
99087
99093
99099
99111
99117
99123
99141
99147
99153
99159
99171
99177
99183
99189
99201
99207
99213
99219
99231
99237
99243
99249
99267
99273
99279
99291
99297
99303
99309
99321
99333
99339
99351
99357
99363
99369
99381
99387
99399
99411
99417
99423
99429
99441
99447
99453
99471
99477
99483
99489
99501
99507
99513
99519
99531
99537
99543
99549
99561
99567
99573
99579
99597
99603
99609
99621
99627
99633
99639
99651
99663
99669
99681
99687
99693
99699
99711
99717
99729
99741
99747
99753
99759
99771
99777
99783
99801
99807
99813
99819
99831
99837
99843
99849
99861
99867
99873
99879
99891
99897
99903
99909
99927
99933
99939
99951
99957
99963
99969
99981
99993
99999
100011
100017
100023
100029
100041
100047
100059
100071
100077
100083
100089
100101
100107
100113
100131
100137
100143
100149
100161
100167
100173
100179
100191
100197
100203
100209
100221
100227
100233
100239
100257
100263
100269
100281
100287
100293
100299
100311
100323
100329
100341
100347
100353
100359
100371
100377
100389
100401
100407
100413
100419
100431
100437
100443
100461
100467
100473
100479
100491
100497
100503
100509
100521
100527
100533
100539
100551
100557
100563
100569
100587
100593
100599
100611
100617
100623
100629
100641
100653
100659
100671
100677
100683
100689
100701
100707
100719
100731
100737
100743
100749
100761
100767
100773
100791
100797
100803
100809
100821
100827
100833
100839
100851
100857
100863
100869
100881
100887
100893
100899
100917
100923
100929
100941
100947
100953
100959
100971
100983
100989
101001
101007
101013
101019
101031
101037
101049
101061
101067
101073
101079
101091
101097
101103
101121
101127
101133
101139
101151
101157
101163
101169
101181
101187
101193
101199
101211
101217
101223
101229
101247
101253
101259
101271
101277
101283
101289
101301
101313
101319
101331
101337
101343
101349
101361
101367
101379
101391
101397
101403
101409
101421
101427
101433
101451
101457
101463
101469
101481
101487
101493
101499
101511
101517
101523
101529
101541
101547
101553
101559
101577
101583
101589
101601
101607
101613
101619
101631
101643
101649
101661
101667
101673
101679
101691
101697
101709
101721
101727
101733
101739
101751
101757
101763
101781
101787
101793
101799
101811
101817
101823
101829
101841
101847
101853
101859
101871
101877
101883
101889
101907
101913
101919
101931
101937
101943
101949
101961
101973
101979
101991
101997
102003
102009
102021
102027
102039
102051
102057
102063
102069
102081
102087
102093
102111
102117
102123
102129
102141
102147
102153
102159
102171
102177
102183
102189
102201
102207
102213
102219
102237
102243
102249
102261
102267
102273
102279
102291
102303
102309
102321
102327
102333
102339
102351
102357
102369
102381
102387
102393
102399
102411
102417
102423
102441
102447
102453
102459
102471
102477
102483
102489
102501
102507
102513
102519
102531
102537
102543
102549
102567
102573
102579
102591
102597
102603
102609
102621
102633
102639
102651
102657
102663
102669
102681
102687
102699
102711
102717
102723
102729
102741
102747
102753
102771
102777
102783
102789
102801
102807
102813
102819
102831
102837
102843
102849
102861
102867
102873
102879
102897
102903
102909
102921
102927
102933
102939
102951
102963
102969
102981
102987
102993
102999
103011
103017
103029
103041
103047
103053
103059
103071
103077
103083
103101
103107
103113
103119
103131
103137
103143
103149
103161
103167
103173
103179
103191
103197
103203
103209
103227
103233
103239
103251
103257
103263
103269
103281
103293
103299
103311
103317
103323
103329
103341
103347
103359
103371
103377
103383
103389
103401
103407
103413
103431
103437
103443
103449
103461
103467
103473
103479
103491
103497
103503
103509
103521
103527
103533
103539
103557
103563
103569
103581
103587
103593
103599
103611
103623
103629
103641
103647
103653
103659
103671
103677
103689
103701
103707
103713
103719
103731
103737
103743
103761
103767
103773
103779
103791
103797
103803
103809
103821
103827
103833
103839
103851
103857
103863
103869
103887
103893
103899
103911
103917
103923
103929
103941
103953
103959
103971
103977
103983
103989
104001
104007
104019
104031
104037
104043
104049
104061
104067
104073
104091
104097
104103
104109
104121
104127
104133
104139
104151
104157
104163
104169
104181
104187
104193
104199
104217
104223
104229
104241
104247
104253
104259
104271
104283
104289
104301
104307
104313
104319
104331
104337
104349
104361
104367
104373
104379
104391
104397
104403
104421
104427
104433
104439
104451
104457
104463
104469
104481
104487
104493
104499
104511
104517
104523
104529
104547
104553
104559
104571
104577
104583
104589
104601
104613
104619
104631
104637
104643
104649
104661
104667
104679
104691
104697
104703
104709
104721
104727
104733
104751
104757
104763
104769
104781
104787
104793
104799
104811
104817
104823
104829
104841
104847
104853
104859
104877
104883
104889
104901
104907
104913
104919
104931
104943
104949
104961
104967
104973
104979
104991
104997
105009
105021
105027
105033
105039
105051
105057
105063
105081
105087
105093
105099
105111
105117
105123
105129
105141
105147
105153
105159
105171
105177
105183
105189
105207
105213
105219
105231
105237
105243
105249
105261
105273
105279
105291
105297
105303
105309
105321
105327
105339
105351
105357
105363
105369
105381
105387
105393
105411
105417
105423
105429
105441
105447
105453
105459
105471
105477
105483
105489
105501
105507
105513
105519
105537
105543
105549
105561
105567
105573
105579
105591
105603
105609
105621
105627
105633
105639
105651
105657
105669
105681
105687
105693
105699
105711
105717
105723
105741
105747
105753
105759
105771
105777
105783
105789
105801
105807
105813
105819
105831
105837
105843
105849
105867
105873
105879
105891
105897
105903
105909
105921
105933
105939
105951
105957
105963
105969
105981
105987
105999
106011
106017
106023
106029
106041
106047
106053
106071
106077
106083
106089
106101
106107
106113
106119
106131
106137
106143
106149
106161
106167
106173
106179
106197
106203
106209
106221
106227
106233
106239
106251
106263
106269
106281
106287
106293
106299
106311
106317
106329
106341
106347
106353
106359
106371
106377
106383
106401
106407
106413
106419
106431
106437
106443
106449
106461
106467
106473
106479
106491
106497
106503
106509
106527
106533
106539
106551
106557
106563
106569
106581
106593
106599
106611
106617
106623
106629
106641
106647
106659
106671
106677
106683
106689
106701
106707
106713
106731
106737
106743
106749
106761
106767
106773
106779
106791
106797
106803
106809
106821
106827
106833
106839
106857
106863
106869
106881
106887
106893
106899
106911
106923
106929
106941
106947
106953
106959
106971
106977
106989
107001
107007
107013
107019
107031
107037
107043
107061
107067
107073
107079
107091
107097
107103
107109
107121
107127
107133
107139
107151
107157
107163
107169
107187
107193
107199
107211
107217
107223
107229
107241
107253
107259
107271
107277
107283
107289
107301
107307
107319
107331
107337
107343
107349
107361
107367
107373
107391
107397
107403
107409
107421
107427
107433
107439
107451
107457
107463
107469
107481
107487
107493
107499
107517
107523
107529
107541
107547
107553
107559
107571
107583
107589
107601
107607
107613
107619
107631
107637
107649
107661
107667
107673
107679
107691
107697
107703
107721
107727
107733
107739
107751
107757
107763
107769
107781
107787
107793
107799
107811
107817
107823
107829
107847
107853
107859
107871
107877
107883
107889
107901
107913
107919
107931
107937
107943
107949
107961
107967
107979
107991
107997
108003
108009
108021
108027
108033
108051
108057
108063
108069
108081
108087
108093
108099
108111
108117
108123
108129
108141
108147
108153
108159
108177
108183
108189
108201
108207
108213
108219
108231
108243
108249
108261
108267
108273
108279
108291
108297
108309
108321
108327
108333
108339
108351
108357
108363
108381
108387
108393
108399
108411
108417
108423
108429
108441
108447
108453
108459
108471
108477
108483
108489
108507
108513
108519
108531
108537
108543
108549
108561
108573
108579
108591
108597
108603
108609
108621
108627
108639
108651
108657
108663
108669
108681
108687
108693
108711
108717
108723
108729
108741
108747
108753
108759
108771
108777
108783
108789
108801
108807
108813
108819
108837
108843
108849
108861
108867
108873
108879
108891
108903
108909
108921
108927
108933
108939
108951
108957
108969
108981
108987
108993
108999
109011
109017
109023
109041
109047
109053
109059
109071
109077
109083
109089
109101
109107
109113
109119
109131
109137
109143
109149
109167
109173
109179
109191
109197
109203
109209
109221
109233
109239
109251
109257
109263
109269
109281
109287
109299
109311
109317
109323
109329
109341
109347
109353
109371
109377
109383
109389
109401
109407
109413
109419
109431
109437
109443
109449
109461
109467
109473
109479
109497
109503
109509
109521
109527
109533
109539
109551
109563
109569
109581
109587
109593
109599
109611
109617
109629
109641
109647
109653
109659
109671
109677
109683
109701
109707
109713
109719
109731
109737
109743
109749
109761
109767
109773
109779
109791
109797
109803
109809
109827
109833
109839
109851
109857
109863
109869
109881
109893
109899
109911
109917
109923
109929
109941
109947
109959
109971
109977
109983
109989
110001
110007
110013
110031
110037
110043
110049
110061
110067
110073
110079
110091
110097
110103
110109
110121
110127
110133
110139
110157
110163
110169
110181
110187
110193
110199
110211
110223
110229
110241
110247
110253
110259
110271
110277
110289
110301
110307
110313
110319
110331
110337
110343
110361
110367
110373
110379
110391
110397
110403
110409
110421
110427
110433
110439
110451
110457
110463
110469
110487
110493
110499
110511
110517
110523
110529
110541
110553
110559
110571
110577
110583
110589
110601
110607
110619
110631
110637
110643
110649
110661
110667
110673
110691
110697
110703
110709
110721
110727
110733
110739
110751
110757
110763
110769
110781
110787
110793
110799
110817
110823
110829
110841
110847
110853
110859
110871
110883
110889
110901
110907
110913
110919
110931
110937
110949
110961
110967
110973
110979
110991
110997
111003
111021
111027
111033
111039
111051
111057
111063
111069
111081
111087
111093
111099
111111
111117
111123
111129
111147
111153
111159
111171
111177
111183
111189
111201
111213
111219
111231
111237
111243
111249
111261
111267
111279
111291
111297
111303
111309
111321
111327
111333
111351
111357
111363
111369
111381
111387
111393
111399
111411
111417
111423
111429
111441
111447
111453
111459
111477
111483
111489
111501
111507
111513
111519
111531
111543
111549
111561
111567
111573
111579
111591
111597
111609
111621
111627
111633
111639
111651
111657
111663
111681
111687
111693
111699
111711
111717
111723
111729
111741
111747
111753
111759
111771
111777
111783
111789
111807
111813
111819
111831
111837
111843
111849
111861
111873
111879
111891
111897
111903
111909
111921
111927
111939
111951
111957
111963
111969
111981
111987
111993
112011
112017
112023
112029
112041
112047
112053
112059
112071
112077
112083
112089
112101
112107
112113
112119
112137
112143
112149
112161
112167
112173
112179
112191
112203
112209
112221
112227
112233
112239
112251
112257
112269
112281
112287
112293
112299
112311
112317
112323
112341
112347
112353
112359
112371
112377
112383
112389
112401
112407
112413
112419
112431
112437
112443
112449
112467
112473
112479
112491
112497
112503
112509
112521
112533
112539
112551
112557
112563
112569
112581
112587
112599
112611
112617
112623
112629
112641
112647
112653
112671
112677
112683
112689
112701
112707
112713
112719
112731
112737
112743
112749
112761
112767
112773
112779
112797
112803
112809
112821
112827
112833
112839
112851
112863
112869
112881
112887
112893
112899
112911
112917
112929
112941
112947
112953
112959
112971
112977
112983
113001
113007
113013
113019
113031
113037
113043
113049
113061
113067
113073
113079
113091
113097
113103
113109
113127
113133
113139
113151
113157
113163
113169
113181
113193
113199
113211
113217
113223
113229
113241
113247
113259
113271
113277
113283
113289
113301
113307
113313
113331
113337
113343
113349
113361
113367
113373
113379
113391
113397
113403
113409
113421
113427
113433
113439
113457
113463
113469
113481
113487
113493
113499
113511
113523
113529
113541
113547
113553
113559
113571
113577
113589
113601
113607
113613
113619
113631
113637
113643
113661
113667
113673
113679
113691
113697
113703
113709
113721
113727
113733
113739
113751
113757
113763
113769
113787
113793
113799
113811
113817
113823
113829
113841
113853
113859
113871
113877
113883
113889
113901
113907
113919
113931
113937
113943
113949
113961
113967
113973
113991
113997
114003
114009
114021
114027
114033
114039
114051
114057
114063
114069
114081
114087
114093
114099
114117
114123
114129
114141
114147
114153
114159
114171
114183
114189
114201
114207
114213
114219
114231
114237
114249
114261
114267
114273
114279
114291
114297
114303
114321
114327
114333
114339
114351
114357
114363
114369
114381
114387
114393
114399
114411
114417
114423
114429
114447
114453
114459
114471
114477
114483
114489
114501
114513
114519
114531
114537
114543
114549
114561
114567
114579
114591
114597
114603
114609
114621
114627
114633
114651
114657
114663
114669
114681
114687
114693
114699
114711
114717
114723
114729
114741
114747
114753
114759
114777
114783
114789
114801
114807
114813
114819
114831
114843
114849
114861
114867
114873
114879
114891
114897
114909
114921
114927
114933
114939
114951
114957
114963
114981
114987
114993
114999
115011
115017
115023
115029
115041
115047
115053
115059
115071
115077
115083
115089
115107
115113
115119
115131
115137
115143
115149
115161
115173
115179
115191
115197
115203
115209
115221
115227
115239
115251
115257
115263
115269
115281
115287
115293
115311
115317
115323
115329
115341
115347
115353
115359
115371
115377
115383
115389
115401
115407
115413
115419
115437
115443
115449
115461
115467
115473
115479
115491
115503
115509
115521
115527
115533
115539
115551
115557
115569
115581
115587
115593
115599
115611
115617
115623
115641
115647
115653
115659
115671
115677
115683
115689
115701
115707
115713
115719
115731
115737
115743
115749
115767
115773
115779
115791
115797
115803
115809
115821
115833
115839
115851
115857
115863
115869
115881
115887
115899
115911
115917
115923
115929
115941
115947
115953
115971
115977
115983
115989
116001
116007
116013
116019
116031
116037
116043
116049
116061
116067
116073
116079
116097
116103
116109
116121
116127
116133
116139
116151
116163
116169
116181
116187
116193
116199
116211
116217
116229
116241
116247
116253
116259
116271
116277
116283
116301
116307
116313
116319
116331
116337
116343
116349
116361
116367
116373
116379
116391
116397
116403
116409
116427
116433
116439
116451
116457
116463
116469
116481
116493
116499
116511
116517
116523
116529
116541
116547
116559
116571
116577
116583
116589
116601
116607
116613
116631
116637
116643
116649
116661
116667
116673
116679
116691
116697
116703
116709
116721
116727
116733
116739
116757
116763
116769
116781
116787
116793
116799
116811
116823
116829
116841
116847
116853
116859
116871
116877
116889
116901
116907
116913
116919
116931
116937
116943
116961
116967
116973
116979
116991
116997
117003
117009
117021
117027
117033
117039
117051
117057
117063
117069
117087
117093
117099
117111
117117
117123
117129
117141
117153
117159
117171
117177
117183
117189
117201
117207
117219
117231
117237
117243
117249
117261
117267
117273
117291
117297
117303
117309
117321
117327
117333
117339
117351
117357
117363
117369
117381
117387
117393
117399
117417
117423
117429
117441
117447
117453
117459
117471
117483
117489
117501
117507
117513
117519
117531
117537
117549
117561
117567
117573
117579
117591
117597
117603
117621
117627
117633
117639
117651
117657
117663
117669
117681
117687
117693
117699
117711
117717
117723
117729
117747
117753
117759
117771
117777
117783
117789
117801
117813
117819
117831
117837
117843
117849
117861
117867
117879
117891
117897
117903
117909
117921
117927
117933
117951
117957
117963
117969
117981
117987
117993
117999
118011
118017
118023
118029
118041
118047
118053
118059
118077
118083
118089
118101
118107
118113
118119
118131
118143
118149
118161
118167
118173
118179
118191
118197
118209
118221
118227
118233
118239
118251
118257
118263
118281
118287
118293
118299
118311
118317
118323
118329
118341
118347
118353
118359
118371
118377
118383
118389
118407
118413
118419
118431
118437
118443
118449
118461
118473
118479
118491
118497
118503
118509
118521
118527
118539
118551
118557
118563
118569
118581
118587
118593
118611
118617
118623
118629
118641
118647
118653
118659
118671
118677
118683
118689
118701
118707
118713
118719
118737
118743
118749
118761
118767
118773
118779
118791
118803
118809
118821
118827
118833
118839
118851
118857
118869
118881
118887
118893
118899
118911
118917
118923
118941
118947
118953
118959
118971
118977
118983
118989
119001
119007
119013
119019
119031
119037
119043
119049
119067
119073
119079
119091
119097
119103
119109
119121
119133
119139
119151
119157
119163
119169
119181
119187
119199
119211
119217
119223
119229
119241
119247
119253
119271
119277
119283
119289
119301
119307
119313
119319
119331
119337
119343
119349
119361
119367
119373
119379
119397
119403
119409
119421
119427
119433
119439
119451
119463
119469
119481
119487
119493
119499
119511
119517
119529
119541
119547
119553
119559
119571
119577
119583
119601
119607
119613
119619
119631
119637
119643
119649
119661
119667
119673
119679
119691
119697
119703
119709
119727
119733
119739
119751
119757
119763
119769
119781
119793
119799
119811
119817
119823
119829
119841
119847
119859
119871
119877
119883
119889
119901
119907
119913
119931
119937
119943
119949
119961
119967
119973
119979
119991
119997
