pmin=149137168289
171*19^n+16
11964
12006
12054
12066
12132
12172
12282
12292
12334
12342
12354
12366
12402
12442
12444
12486
12516
12558
12606
12612
12666
12678
12682
12694
12844
12846
12898
12964
12996
13042
13132
13234
13266
13308
13318
13324
13332
13348
13356
13404
13438
13452
13462
13602
13618
13702
13714
13716
13852
13854
13926
14002
14046
14094
14122
14154
14212
14214
14274
14398
14442
14452
14614
14676
14748
14758
14764
14812
14826
14842
14902
15054
15154
15174
15198
15202
15246
15258
15274
15282
15292
15306
15334
15358
15372
15412
15474
15484
15502
15562
15606
15628
15684
15694
15724
15732
15748
15846
15862
15918
15922
16012
16018
16062
16078
16084
16098
16194
16266
16356
16446
16476
16524
16554
16618
16668
16698
16762
16774
16828
16902
16962
16972
17014
17046
17052
17058
17178
17242
17278
17302
17308
17388
17394
17422
17484
17508
17514
17524
17526
17572
17598
17614
17676
17682
17694
17772
17778
17788
17794
17862
17914
17946
18018
18036
18058
18126
18138
18142
18238
18244
18262
18292
18318
18366
18378
18388
18394
18414
18454
18474
18532
18534
18604
18606
18618
18634
18652
18684
18694
18724
18772
18774
18798
18844
18876
18894
18898
18906
18948
18958
19002
19084
19146
19174
19204
19282
19324
19372
19374
19414
19422
19458
19558
19662
19692
19698
19708
19722
19746
19762
19932
19942
19956
20038
20062
20172
20196
20202
20242
20284
20334
20364
20428
20458
20494
20524
20532
20586
20634
20638
20722
20724
20734
20892
20932
21004
21022
21142
21228
21246
21262
21342
21348
21372
21402
21418
21486
21514
21606
21612
21634
21654
21678
21726
21742
21772
21798
21814
21852
21858
21906
21988
22012
22014
22314
22338
22372
22402
22414
22428
22434
22468
22506
22572
22588
22596
22662
22698
22702
22762
22804
22812
22858
22866
22902
22942
22954
22978
23094
23098
23124
23134
23166
23182
23212
23238
23284
23322
23338
23418
23452
23526
23548
23652
23766
23868
23914
23994
24018
24034
24142
24172
24198
24238
24244
24276
24294
24364
24442
24444
24634
24718
24742
24756
24804
24814
24874
24882
24934
24954
24964
24966
24982
24988
25012
25042
25092
25108
25122
25132
25134
25434
25476
25506
25564
25596
25806
25822
25924
25948
26004
26014
26142
26158
26194
26254
26308
26418
26422
26452
26458
26478
26586
26634
26698
26718
26724
26758
26796
26878
26962
26988
27028
27034
27054
27138
27172
27234
27244
27258
27364
27366
27418
27444
27474
27502
27538
27546
27684
27726
27738
27742
27756
27858
27934
27964
27978
28014
28068
28122
28138
28146
28162
28194
28236
28294
28302
28314
28342
28414
28476
28492
28524
28566
28588
28612
28614
28618
28722
28798
28834
28932
28942
28974
29028
29038
29188
29226
29322
29334
29406
29442
29452
29458
29478
29494
29502
29538
29542
29578
29694
29812
29826
29838
29884
29886
29958
29962
30094
30172
30234
30238
30252
30274
30292
30306
30388
30498
30508
30514
30516
30538
30594
30654
30754
30798
30814
30852
30882
30934
30972
30978
31038
31084
31218
31254
31282
31374
31378
31402
31474
31476
31566
31602
31612
31626
31734
31738
31834
31842
31932
31938
32028
32166
32178
32194
32292
32346
32382
32484
32514
32532
32562
32614
32634
32658
32826
32922
32932
32974
33006
33012
33034
33066
33094
33214
33234
33258
33292
33348
33358
33394
33414
33426
33438
33502
33594
33604
33622
33658
33732
33786
33918
33978
33988
34018
34044
34078
34164
34182
34206
34308
34446
34462
34506
34524
34534
34548
34626
34684
34716
34746
34788
34794
34842
34938
35002
35014
35022
35044
35062
35076
35122
35172
35218
35274
35278
35334
35406
35452
35482
35598
35652
35782
35812
35818
35874
35892
35932
35938
36006
36028
36052
36126
36154
36162
36262
36364
36378
36396
36418
36442
36484
36558
36636
36682
36844
36958
36972
37038
37068
37122
37174
37194
37258
37356
37374
37444
37522
37534
37596
37614
37684
37716
37774
37782
37804
37818
37852
37926
37948
38002
38014
38142
38164
38268
38316
38412
38466
38532
38562
38604
38638
38668
38698
38706
38718
38788
38898
38914
38916
38934
39004
39066
39084
39118
39162
39214
39292
39334
39444
39508
39532
39618
39634
39654
39682
39702
39724
39774
39822
39834
39838
39906
39924
40018
40042
40078
40108
40114
40162
40228
40252
40254
40446
40452
40492
40524
40554
40564
40578
40668
40674
40708
40732
40866
40878
40926
40954
41004
41092
41134
41158
41194
41262
41278
41308
41314
41334
41388
41394
41418
41466
41508
41578
41614
41674
41854
41886
41902
41908
41916
41994
42018
42022
42052
42054
42094
42204
42246
42306
42322
42342
42364
42372
42382
42418
42462
42484
42562
42588
42652
42694
42756
42762
42814
42858
42892
42918
42994
43044
43108
43114
43162
43174
43204
43218
43302
43342
43438
43462
43518
43614
43692
43702
43708
43722
43734
43812
43852
43884
43956
44028
44034
44062
44142
44164
44178
44218
44346
44374
44394
44412
44436
44452
44538
44556
44622
44682
44764
44838
44946
45006
45022
45028
45042
45094
45114
45142
45154
45178
45282
45298
45334
45454
45598
45652
45756
45838
45868
45942
45988
45996
46012
46074
46114
46134
46212
46218
46234
46284
46294
46308
46342
46354
46422
46458
46476
46582
46674
46698
46764
46794
46918
46924
46962
46978
47022
47034
47082
47122
47142
47202
47212
47286
47362
47428
47598
47706
47748
47778
47802
47842
47892
47902
47982
48022
48058
48102
48114
48126
48132
48148
48154
48172
48276
48292
48322
48366
48418
48442
48502
48516
48522
48546
48606
48714
48718
48742
48798
48858
48894
48922
48942
48958
48972
49068
49132
49134
49204
49318
49324
49332
49452
49468
49494
49582
49678
49692
49714
49732
49828
49894
49924
49948
49972
49978
49998
50014
50034
50118
50124
50148
50158
50202
50238
50298
50394
50602
50622
50676
50706
50722
50764
50788
50794
50878
50946
51058
51078
51082
51118
51126
51138
51174
51238
51258
51378
51414
51442
51468
51474
51492
51502
51574
51612
51636
51642
51654
51742
51778
51828
51846
51892
51988
51996
52084
52116
52174
52212
52266
52348
52354
52356
52482
52578
52582
52602
52612
52618
52626
52638
52642
52644
52662
52678
52764
52812
52854
52878
52902
52924
52932
52954
52962
53004
53082
53226
53254
53316
53346
53382
53404
53406
53418
53466
53482
53502
53578
53586
53604
53614
53652
53668
53812
53814
53826
53842
53862
53938
53962
54006
54054
54228
54258
54342
54394
54438
54486
54514
54666
54682
54724
54774
54814
54874
54906
55002
55116
55188
55194
55204
55228
55254
55278
55314
55332
55342
55354
55452
55468
55506
55564
55566
55644
55668
55678
55762
55836
55894
55902
55942
56022
56044
56092
56154
56212
56218
56274
56292
56316
56322
56332
56382
56404
56466
56586
56674
56854
56878
56908
56916
56958
57162
57174
57178
57202
57294
57298
57348
57514
57564
57634
57678
57682
57762
57778
57838
57846
57898
58044
58204
58206
58218
58228
58254
58258
58302
58308
58354
58372
58438
58506
58566
58626
58684
58698
58702
58734
58798
58804
58858
58882
59004
59014
59038
59094
59178
59194
59212
59242
59254
59274
59302
59308
59322
59362
59428
59452
59458
59466
59482
59484
59526
59578
59634
59644
59718
59722
59724
59758
59764
59802
59814
59934
59946
59962
904*19^n-1
14776
14788
14848
14884
14888
14896
15044
15056
15080
15136
15148
15152
15176
15200
15292
15380
15392
15476
15632
15724
15812
15868
15892
15944
15956
15964
15976
16040
16052
16160
16208
16216
16228
16244
16264
16328
16376
16408
16468
16516
16532
16544
16612
16628
16696
16712
16784
16804
16820
16856
16928
16936
17000
17012
17048
17056
17060
17164
17168
17192
17240
17288
17300
17344
17384
17444
17456
17488
17524
17528
17600
17624
17648
17668
17696
17744
17936
18056
18080
18128
18136
18172
18272
18296
18404
18452
18496
18628
18656
18676
18752
18772
18848
18920
18944
19024
19108
19124
19144
19160
19172
19268
19280
19364
19396
19472
19528
19544
19568
19616
19636
19640
19648
19708
19784
19792
19844
19924
19936
20032
20072
20120
20188
20192
20228
20240
20284
20332
20356
20392
20420
20476
20564
20572
20716
20752
20768
20824
20872
20912
20984
21008
21056
21080
21092
21188
21232
21236
21284
21368
21380
21412
21428
21472
21476
21508
21536
21572
21652
21736
21796
21824
21872
21896
21916
21968
21992
22012
22024
22088
22192
22208
22228
22264
22276
22280
22328
22336
22348
22456
22520
22624
22732
22784
22856
22876
22916
22952
22984
23024
23144
23164
23212
23236
23240
23288
23348
23452
23456
23480
23504
23596
23624
23644
23672
23716
23720
23768
23812
23816
23824
23828
23888
23984
24064
24068
24116
24152
24176
24184
24212
24224
24260
24344
24356
24404
24436
24452
24464
24472
24532
24548
24608
24616
24688
24784
24832
24848
24904
24920
24928
24932
24980
25016
25048
25144
25264
25304
25324
25364
25376
25400
25412
25424
25504
25516
25544
25568
25640
25700
25732
25804
25808
25832
25912
25972
26036
26132
26168
26188
26276
26332
26576
26600
26668
26720
26728
26816
26908
26912
26992
27016
27092
27124
27140
27196
27232
27320
27392
27448
27476
27568
27676
27748
27772
27776
27800
27916
27920
27964
28040
28072
28112
28184
28204
28208
28244
28252
28280
28304
28312
28328
28352
28396
28468
28484
28492
28496
28616
28664
28744
28792
28856
28888
28904
28964
29032
29044
29068
29108
29120
29204
29224
29264
29312
29348
29360
29384
29396
29444
29456
29536
29540
29572
29624
29656
29692
29728
29792
29816
29824
29828
29936
29984
30020
30032
30052
30080
30128
30148
30196
30232
30248
30272
30296
30376
30416
30440
30488
30544
30596
30608
30632
30680
30688
30796
30808
30872
30916
30976
31016
31028
31076
31112
31160
31172
31184
31204
31220
31352
31372
31384
31444
31448
31456
31472
31516
31520
31528
31640
31736
31748
31784
31876
31924
31996
32084
32096
32168
32192
32212
32216
32264
32288
32308
32324
32336
32360
32372
32384
32408
32420
32480
32504
32608
32644
32888
32948
32968
32992
33056
33136
33188
33200
33272
33344
33352
33424
33488
33496
33524
33584
33608
33620
33632
33676
33800
33856
33860
33920
33928
33944
33968
33976
34048
34100
34148
34156
34232
34324
34376
34400
34516
34532
34544
34552
34592
34612
34616
34648
34736
34876
34880
34916
34936
34952
35000
35008
35012
35024
35048
35120
35128
35156
35224
35272
35296
35444
35456
35476
35552
35600
35632
35668
35684
35704
35732
35816
35884
35972
36056
36064
36068
36080
36124
36136
36152
36208
36212
36260
36272
36296
36316
36536
36556
36596
36608
36676
36788
36836
36844
36892
36992
37072
37076
37112
37124
37204
37352
37364
37412
37504
37520
37556
37604
37616
37648
37736
37748
37784
37864
37904
37952
37988
38000
38044
38048
38072
38096
38152
38168
38216
38276
38284
38336
38368
38372
38384
38392
38428
38464
38504
38516
38584
38624
38644
38708
38720
38764
38792
38824
38908
38984
38996
39256
39328
39364
39376
39392
39440
39472
39476
39508
39680
39688
39704
39776
39812
39860
39872
39896
39920
39952
39988
39992
40016
40052
40132
40156
40208
40228
40256
40304
40340
40372
40472
40484
40568
40624
40672
40712
40804
40820
40832
40880
40924
41012
41060
41104
41192
41204
41216
41272
41300
41308
41408
41416
41444
41452
41488
41540
41552
41596
41696
41720
41732
41776
41780
41812
41828
41876
41912
41972
41984
41992
42064
42112
42148
42152
42296
42404
42436
42508
42548
42604
42632
42704
42740
42788
42796
42856
42884
42892
42920
42968
42992
43012
43124
43192
43220
43228
43252
43336
43460
43516
43552
43652
43664
43756
43804
43880
44044
44128
44144
44168
44228
44236
44288
44368
44416
44516
44552
44576
44596
44648
44656
44704
44708
44744
44768
44792
44840
44884
44900
44912
44936
44944
44992
45016
45032
45128
45140
45176
45224
45304
45376
45392
45556
45628
45632
45776
45784
45824
45892
45988
46004
46036
46040
46064
46096
46280
46304
46432
46436
46504
46580
46612
46628
46636
46688
46744
46816
46832
46856
47000
47024
47032
47044
47144
47152
47176
47248
47264
47288
47296
47336
47384
47512
47536
47540
47548
47576
47636
47672
47764
47768
47788
47872
47932
48016
48020
48068
48128
48148
48176
48200
48260
48272
48296
48320
48344
48392
48484
48512
48536
48544
48556
48560
48584
48680
48688
48740
48752
48776
48808
49012
49024
49084
49132
49160
49168
49208
49228
49256
49376
49408
49412
49424
49448
49456
49472
49492
49552
49664
49688
49700
49744
49768
49796
49804
49880
49888
49904
49912
49924
49976
50000
50032
50036
50068
50084
50120
50144
50164
50212
50248
50312
50356
50392
50432
50480
50528
50612
50624
50660
50768
50848
50852
50888
50956
50996
51032
51104
51112
51188
51200
51248
51328
51352
51364
51368
51476
51488
51536
51568
51632
51656
51676
51704
51712
51812
51824
51868
51944
51976
52136
52244
52288
52304
52324
52424
52436
52516
52532
52544
52588
52712
52732
52768
52772
52792
52864
52972
52984
53044
53060
53144
53240
53308
53368
53476
53584
53624
53704
53776
53812
53828
53840
53848
53864
53884
53956
54020
54032
54056
54088
54136
54172
54176
54212
54248
54260
54320
54352
54388
54416
54448
54496
54512
54556
54676
54788
54848
54872
54884
54932
54968
55024
55040
55108
55124
55136
55172
55256
55276
55304
55324
55376
55396
55412
55424
55448
55460
55472
55508
55528
55544
55616
55688
55712
55744
55792
55808
55828
55904
55936
55952
55972
55976
56000
56096
56120
56168
56216
56312
56428
56516
56548
56612
56696
56708
56744
56764
56804
56824
56840
56888
56912
56948
56996
57016
57056
57088
57104
57112
57152
57196
57272
57304
57488
57632
57704
57728
57800
57832
57896
57916
57956
57976
57988
57992
58004
58012
58132
58168
58192
58196
58276
58424
58436
58484
58496
58532
58580
58672
58744
58760
58784
58820
58880
58964
59032
59068
59176
59216
59248
59272
59336
59384
59392
59396
59408
59428
59432
59464
59576
59624
59636
59644
59648
59672
59696
59704
59776
59840
59896
59956
59972
59992
1729*19^n+6
11687
11689
11703
11745
11765
11785
11855
11885
11887
11909
11927
11945
11993
12009
12015
12029
12113
12133
12135
12169
12185
12295
12305
12375
12389
12409
12423
12425
12457
12485
12513
12559
12565
12609
12617
12625
12653
12689
12695
12719
12757
12775
12789
12809
12855
12919
12983
13013
13025
13039
13053
13063
13069
13085
13117
13169
13205
13223
13225
13263
13293
13325
13327
13359
13447
13519
13615
13623
13625
13653
13725
13765
13799
13837
13863
13877
13885
13927
13943
13969
13993
14013
14033
14055
14119
14125
14129
14185
14193
14209
14237
14343
14345
14359
14389
14445
14489
14509
14525
14537
14583
14633
14677
14709
14753
14769
14809
14823
14853
14863
14873
14889
14895
14917
14919
15025
15029
15033
15047
15055
15085
15129
15137
15173
15175
15213
15215
15269
15303
15329
15335
15353
15375
15393
15397
15413
15445
15463
15495
15525
15545
15573
15617
15623
15733
15769
15773
15785
15845
15917
15969
16005
16023
16037
16039
16079
16085
16165
16205
16207
16229
16303
16335
16349
16425
16455
16505
16537
16567
16569
16637
16669
16733
16743
16749
16775
16785
16823
16833
16853
16945
16957
17005
17009
17033
17073
17113
17129
17135
17143
17167
17197
17199
17225
17229
17245
17253
17263
17265
17269
17287
17359
17437
17453
17465
17505
17525
17569
17573
17617
17625
17713
17735
17773
17789
17849
17909
17913
17943
17973
17975
18039
18065
18135
18149
18183
18263
18385
18455
18493
18497
18505
18529
18585
18629
18639
18647
18663
18697
18745
18855
18857
18877
18893
18917
18959
18983
18999
19053
19119
19157
19165
19205
19229
19239
19245
19273
19277
19385
19409
19429
19453
19537
19609
19663
19705
19719
19733
19735
19749
19757
19773
19785
19799
19813
19817
19865
19893
19983
20039
20047
20135
20173
20199
20225
20325
20327
20333
20345
20369
20433
20439
20453
20463
20465
20489
20493
20495
20519
20545
20585
20613
20717
20737
20815
20837
20839
20925
20929
21009
21039
21065
21159
21193
21199
21205
21209
21245
21285
21313
21377
21389
21455
21565
21607
21615
21637
21653
21665
21685
21719
21735
21765
21769
21825
21889
21933
21937
21977
21989
21997
22007
22039
22045
22063
22089
22129
22183
22223
22269
22277
22343
22409
22423
22445
22447
22455
22505
22517
22545
22549
22589
22637
22663
22673
22773
22775
22809
22813
22913
22957
22973
23029
23143
23233
23313
23319
23375
23377
23399
23405
23415
23425
23447
23449
23453
23485
23495
23543
23567
23573
23663
23695
23705
23713
23733
23737
23765
23815
23833
23925
23933
23957
23959
23985
24017
24029
24069
24079
24105
24129
24133
24199
24217
24265
24285
24289
24295
24337
24343
24365
24367
24377
24393
24425
24489
24503
24527
24663
24679
24695
24745
24749
24785
24805
24849
24855
24885
24903
24953
24975
24993
25015
25025
25049
25065
25127
25135
25159
25193
25273
25289
25357
25383
25389
25405
25469
25477
25479
25487
25505
25553
25597
25625
25703
25709
25713
25743
25765
25785
25829
25847
25959
25999
26023
26045
26049
26085
26089
26103
26159
26173
26183
26185
26223
26229
26287
26305
26393
26407
26423
26439
26445
26513
26533
26549
26597
26669
26679
26693
26703
26767
26775
26785
26829
26837
26857
26865
26869
26885
26887
26903
26913
27079
27095
27125
27137
27159
27185
27233
27239
27247
27367
27383
27405
27407
27409
27433
27453
27473
27479
27495
27543
27565
27649
27655
27727
27733
27759
27767
27799
27877
28039
28049
28105
28117
28143
28157
28229
28265
28285
28325
28327
28359
28397
28405
28417
28429
28439
28517
28537
28549
28553
28559
28569
28583
28615
28649
28657
28693
28749
28769
28793
28837
28879
28889
28945
28965
28975
29029
29045
29047
29073
29095
29103
29165
29199
29239
29263
29295
29319
29333
29359
29365
29399
29425
29495
29505
29583
29613
29615
29623
29685
29745
29813
29825
29903
29935
29943
29945
30033
30053
30077
30089
30095
30125
30135
30153
30173
30189
30225
30245
30359
30375
30389
30425
30445
30509
30529
30543
30569
30593
30599
30607
30613
30737
30759
30775
30785
30817
30825
30855
30869
30905
30929
30937
30959
30965
30973
30989
31013
31049
31055
31057
31069
31253
31279
31303
31309
31325
31335
31349
31409
31439
31465
31477
31485
31493
31505
31509
31553
31565
31597
31607
31609
31653
31673
31685
31693
31695
31709
31727
31765
31783
31829
31855
31863
31869
31877
31889
31913
31933
31969
32015
32039
32049
32057
32087
32119
32125
32153
32169
32263
32265
32295
32375
32399
32445
32455
32465
32519
32559
32583
32597
32609
32617
32629
32673
32713
32775
32815
32839
32935
32945
32949
32975
33007
33033
33037
33063
33093
33127
33149
33165
33175
33345
33365
33389
33397
33399
33409
33463
33479
33487
33505
33589
33617
33633
33645
33673
33719
33733
33743
33767
33805
33817
33829
33849
33879
33953
33969
34023
34037
34039
34045
34093
34103
34117
34135
34213
34255
34295
34327
34349
34359
34397
34409
34415
34457
34543
34565
34577
34607
34633
34689
34713
34785
34793
34817
34823
34825
34839
34855
34929
34937
34949
34997
35009
35045
35063
35069
35087
35129
35149
35207
35223
35245
35273
35287
35343
35353
35375
35409
35413
35425
35437
35503
35537
35553
35559
35567
35593
35639
35665
35725
35767
35809
35845
35857
35909
35917
35943
35965
35969
35977
35983
36005
36039
36073
36079
36113
36153
36167
36169
36225
36277
36293
36333
36445
36449
36525
36535
36549
36583
36633
36649
36665
36677
36713
36729
36745
36809
36845
36847
36853
36893
36909
36985
37029
37065
37069
37093
37125
37127
37135
37205
37239
37265
37319
37383
37385
37415
37423
37447
37463
37477
37489
37495
37505
37543
37625
37649
37729
37733
37785
37877
37909
37935
37957
37973
37975
38055
38057
38093
38095
38133
38167
38209
38273
38295
38313
38319
38325
38407
38413
38477
38525
38569
38633
38665
38693
38765
38833
38869
38885
38933
38935
38973
38999
39065
39105
39149
39159
39175
39189
39197
39209
39277
39329
39333
39365
39439
39469
39493
39497
39533
39605
39623
39625
39645
39665
39749
39753
39767
39805
39855
39857
39905
39953
39973
39975
40015
40023
40073
40079
40119
40135
40143
40279
40295
40303
40329
40333
40345
40359
40367
40417
40439
40549
40565
40589
40653
40655
40757
40759
40805
40833
40855
40879
40905
40925
40957
40999
41085
41137
41223
41229
41295
41317
41353
41389
41409
41417
41455
41465
41485
41489
41493
41495
41527
41585
41597
41615
41639
41679
41689
41717
41729
41745
41753
41767
41825
41935
42023
42063
42069
42103
42133
42135
42165
42215
42217
42247
42269
42295
42305
42319
42345
42455
42473
42519
42543
42565
42605
42697
42727
42767
42797
42845
42913
42929
42969
42989
43005
43049
43055
43119
43133
43143
43185
43209
43253
43309
43375
43409
43495
43529
43535
43567
43633
43639
43733
43769
43823
43837
43847
43853
43895
43929
43959
43993
44077
44093
44145
44189
44193
44249
44265
44293
44303
44333
44477
44485
44613
44615
44629
44649
44685
44687
44695
44733
44783
44793
44813
44855
44903
44905
44935
44943
44975
45005
45017
45045
45049
45103
45125
45129
45173
45205
45209
45225
45265
45293
45309
45365
45385
45433
45455
45479
45485
45517
45519
45553
45559
45605
45617
45633
45649
45735
45737
45765
45845
45847
45869
45999
46025
46049
46057
46063
46087
46127
46193
46215
46223
46233
46263
46265
46269
46277
46343
46373
46413
46433
46449
46465
46479
46485
46535
46567
46573
46575
46637
46669
46713
46735
46749
46773
46805
46837
46865
46895
46925
47109
47119
47129
47143
47249
47285
47289
47317
47319
47369
47385
47415
47439
47465
47477
47479
47493
47505
47525
47527
47613
47633
47665
47673
47695
47785
47789
47833
47855
47857
47895
47919
47945
47983
48037
48039
48053
48055
48065
48125
48149
48157
48193
48205
48209
48215
48279
48295
48303
48353
48389
48397
48405
48407
48493
48503
48535
48559
48685
48713
48775
48815
48887
48903
48905
48913
48919
48983
49015
49049
49103
49143
49199
49229
49239
49297
49335
49359
49373
49383
49417
49473
49493
49543
49577
49623
49703
49709
49717
49719
49735
49815
49829
49847
49853
49885
49889
49973
49999
50049
50113
50165
50197
50209
50215
50225
50285
50329
50365
50385
50407
50409
50415
50445
50493
50497
50525
50537
50567
50575
50589
50645
50679
50725
50749
50809
50869
50889
50927
50945
50965
50993
51053
51063
51077
51097
51105
51127
51183
51215
51255
51265
51279
51285
51305
51309
51337
51345
51365
51383
51429
51453
51469
51495
51497
51517
51543
51569
51575
51589
51617
51623
51653
51719
51767
51805
51813
51825
51855
51889
51917
51925
51989
52015
52055
52157
52169
52199
52207
52229
52335
52337
52365
52399
52405
52439
52453
52455
52493
52505
52517
52533
52535
52565
52599
52663
52673
52713
52727
52733
52813
52855
52877
52885
52889
52909
52935
52965
52967
53039
53103
53135
53167
53189
53199
53207
53213
53223
53255
53305
53365
53389
53393
53399
53429
53473
53477
53545
53549
53573
53575
53583
53585
53597
53605
53613
53615
53629
53639
53687
53693
53719
53749
53753
53767
53769
53785
53837
53869
53879
53897
53917
53927
53945
53965
54007
54055
54065
54095
54103
54229
54247
54253
54269
54273
54309
54329
54337
54345
54373
54383
54409
54513
54585
54589
54593
54615
54649
54665
54669
54729
54733
54735
54773
54823
54849
54857
54919
54959
55023
55073
55109
55169
55177
55205
55213
55237
55253
55305
55353
55397
55415
55425
55607
55639
55655
55697
55703
55717
55719
55727
55745
55759
55817
55925
55997
56045
56069
56105
56135
56237
56249
56269
56327
56335
56343
56369
56493
56557
56559
56599
56609
56629
56633
56649
56677
56679
56693
56705
56765
56783
56807
56809
56825
56839
56887
56909
56919
56983
57007
57029
57047
57089
57127
57135
57173
57245
57255
57257
57263
57265
57269
57293
57353
57369
57377
57415
57423
57449
57533
57589
57615
57645
57647
57697
57713
57725
57783
57845
57865
57903
57999
58009
58025
58085
58097
58109
58153
58289
58313
58327
58343
58349
58369
58413
58433
58477
58479
58487
58517
58545
58553
58657
58669
58679
58709
58805
58809
58889
58897
58933
58959
59009
59023
59047
59055
59063
59077
59093
59143
59169
59239
59293
59335
59345
59399
59465
59479
59495
59545
59559
59573
59609
59625
59639
59657
59703
59709
59729
59769
59889
59905
59929
15964*19^n-1
11930
11958
11966
11990
12062
12170
12206
12252
12290
12308
12326
12438
12548
12566
12642
12686
12690
12738
12828
12830
12866
12932
12962
13028
13068
13070
13166
13206
13218
13242
13290
13316
13322
13422
13532
13538
13556
13578
13596
13610
13622
13628
13662
13730
13772
13850
13868
13902
13940
14036
14042
14046
14150
14172
14220
14298
14390
14420
14438
14460
14540
14588
14630
14642
14676
14682
14798
14826
14828
14870
14930
14982
15060
15068
15206
15212
15290
15300
15362
15378
15402
15410
15420
15422
15452
15498
15506
15596
15666
15668
15690
15692
15858
15918
15948
15972
16070
16082
16130
16196
16278
16310
16386
16388
16430
16482
16508
16566
16572
16596
16598
16620
16638
16706
16820
16830
16862
16866
16950
17036
17126
17166
17222
17246
17250
17262
17322
17348
17406
17430
17510
17532
17556
17612
17630
17646
17652
17678
17738
17790
17876
17900
17978
17996
18002
18020
18036
18050
18146
18150
18182
18212
18258
18270
18318
18420
18422
18446
18492
18566
18572
18588
18620
18698
18858
18956
19100
19116
19140
19142
19148
19170
19172
19226
19262
19278
19346
19388
19410
19412
19452
19460
19502
19532
19626
19670
19766
19830
19862
19886
19982
20060
20178
20180
20226
20252
20258
20262
20276
20438
20460
20492
20510
20526
20570
20682
20702
20726
20778
20942
20948
20970
20972
20988
21018
21042
21068
21110
21126
21156
21182
21212
21218
21228
21260
21282
21300
21342
21402
21426
21462
21500
21558
21612
21618
21636
21668
21702
21722
21806
21810
21926
21956
21978
21980
22020
22098
22118
22130
22158
22190
22202
22310
22358
22362
22382
22556
22622
22682
22782
22866
22902
22916
22946
23018
23180
23190
23198
23202
23210
23252
23436
23466
23492
23502
23522
23532
23540
23708
23748
23772
23778
23828
23870
23970
24026
24068
24132
24146
24212
24242
24246
24302
24398
24402
24426
24516
24578
24620
24650
24702
24740
24770
24780
24828
24836
24906
24918
24962
25010
25020
25092
25148
25172
25196
25242
25286
25310
25340
25358
25436
25442
25458
25466
25490
25548
25620
25670
25686
25706
25742
25746
25758
25802
25902
25980
25982
25986
26126
26142
26178
26258
26310
26318
26330
26388
26466
26588
26610
26628
26630
26642
26660
26678
26738
26762
26802
26862
26868
26870
26940
27002
27062
27116
27132
27156
27162
27188
27212
27260
27282
27380
27396
27470
27518
27540
27542
27662
27668
27722
27726
27732
27750
27812
27822
27828
27902
27938
27942
27962
28052
28076
28086
28148
28166
28290
28322
28422
28446
28458
28530
28532
28556
28562
28598
28662
28686
28710
28740
28766
28772
28796
28826
28838
28868
28878
28898
28910
28940
28950
28980
29030
29046
29082
29106
29118
29150
29178
29228
29238
29246
29292
29340
29358
29378
29490
29492
29612
29636
29670
29748
29750
29862
29988
30036
30078
30110
30132
30138
30182
30210
30438
30506
30558
30572
30582
30606
30626
30650
30690
30740
30812
30858
30870
30900
30956
30996
31022
31050
31068
31178
31188
31250
31262
31286
31302
31358
31406
31478
31490
31518
31526
31602
31628
31670
31676
31722
31730
31796
31820
31842
31860
31890
31958
31988
32030
32042
32090
32102
32106
32108
32138
32148
32190
32220
32348
32406
32486
32492
32540
32550
32562
32606
32618
32622
32772
32790
32826
32828
32852
32946
33078
33210
33230
33330
33356
33362
33372
33402
33422
33470
33516
33570
33620
33702
33732
33750
33780
33812
33822
33836
33890
33900
33902
33966
34022
34046
34082
34118
34122
34146
34148
34212
34316
34322
34326
34332
34406
34410
34412
34506
34532
34538
34562
34572
34590
34598
34676
34692
34722
34746
34748
34772
34818
34878
34940
35066
35132
35138
35228
35342
35366
35372
35418
35492
35630
35690
35708
35738
35742
35850
35852
35910
35916
36006
36086
36090
36098
36102
36122
36146
36150
36222
36252
36276
36302
36308
36326
36380
36428
36462
36500
36578
36626
36692
36746
36750
36762
36860
36900
36948
37052
37092
37140
37178
37220
37230
37302
37340
37452
37572
37620
37718
37740
37748
37758
37796
37842
37866
37892
37958
38022
38102
38166
38180
38190
38198
38268
38270
38276
38286
38390
38430
38436
38462
38486
38556
38562
38580
38606
38652
38748
38772
38828
38862
38972
39002
39030
39102
39122
39140
39158
39218
39300
39318
39386
39420
39422
39450
39470
39482
39522
39636
39692
39716
39740
39758
39788
39798
39932
39938
39942
39980
40050
40052
40068
40116
40202
40220
40226
40236
40302
40310
40338
40370
40418
40428
40470
40478
40538
40556
40572
40590
40598
40610
40620
40670
40682
40686
40698
40700
40806
40830
40842
40922
40926
40962
40982
41042
41060
41066
41162
41202
41252
41292
41396
41492
41510
41526
41582
41666
41682
41708
41780
41796
41916
41922
42018
42038
42132
42150
42170
42222
42290
42338
42402
42450
42468
42492
42500
42548
42606
42668
42716
42812
42870
42950
42962
43022
43038
43052
43058
43068
43242
43292
43346
43406
43458
43500
43542
43562
43698
43740
43746
43748
43788
43806
43838
43866
43868
43902
43946
44132
44162
44198
44250
44300
44310
44396
44468
44510
44652
44670
44708
44738
44802
44820
44826
44930
44996
45038
45042
45068
45090
45098
45180
45198
45306
45350
45356
45410
45476
45530
45602
45638
45678
45692
45740
45746
45810
45828
45918
45926
45990
46028
46038
46058
46212
46220
46230
46292
46298
46382
46412
46418
46460
46470
46500
46542
46548
46602
46628
46710
46938
47012
47042
47142
47150
47186
47222
47246
47322
47402
47430
47438
47498
47540
47550
47556
47610
47612
47618
47670
47682
47718
47732
47742
47796
47826
47846
47850
47868
47940
48006
48078
48102
48110
48116
48150
48158
48180
48222
48260
48270
48290
48348
48426
48446
48450
48476
48522
48660
48668
48722
48726
48740
48758
48858
48890
48942
48948
48950
48956
48986
49002
49122
49178
49190
49196
49268
49298
49398
49418
49422
49430
49508
49578
49586
49620
49652
49662
49710
49742
49892
49926
49970
50006
50046
50106
50108
50126
50150
50172
50186
50190
50228
50262
50282
50316
50372
50406
50438
50450
50468
50546
50580
50588
50618
50678
50732
50802
50822
50828
50862
50948
50966
50988
51042
51102
51198
51242
51252
51300
51362
51372
51378
51482
51546
51582
51596
51618
51638
51660
51702
51758
51852
51860
51930
51950
51956
52076
52086
52100
52118
52140
52206
52230
52262
52346
52350
52386
52446
52490
52548
52580
52628
52638
52692
52716
52946
52958
53018
53028
53076
53090
53106
53142
53156
53202
53220
53262
53270
53276
53298
53340
53348
53436
53438
53442
53492
53538
53582
53588
53636
53678
53682
53772
53780
53948
54020
54030
54066
54222
54338
54362
54380
54428
54452
54476
54546
54570
54588
54630
54690
54780
54822
54836
54842
54918
54980
54986
54998
55028
55046
55076
55118
55158
55230
55238
55242
55268
55340
55430
55590
55620
55622
55668
55706
55710
55740
55782
55802
55826
55860
56012
56162
56222
56250
56268
56286
56298
56396
56450
56522
56562
56586
56588
56598
56606
56612
56630
56646
56660
56676
56682
56690
56748
56766
56780
56822
57020
57162
57170
57182
57188
57212
57218
57258
57270
57372
57410
57422
57452
57530
57572
57582
57620
57638
57780
57782
57806
57836
57908
57950
57972
57998
58002
58020
58062
58082
58086
58100
58148
58196
58220
58278
58310
58410
58418
58502
58530
58550
58566
58622
58658
58706
58716
58770
58818
58842
58850
58892
58898
58926
58956
59028
59060
59090
59132
59178
59186
59198
59246
59250
59252
59330
59388
59390
59442
59486
59510
59538
59546
59652
59666
59678
59772
59780
59810
59828
59858
59862
59910
59918
59942
59972
59978
96026*19^n+381
11558
11588
11602
11606
11622
11638
11668
11670
11710
11726
11742
11770
11788
11798
11844
11852
11854
11868
11870
11874
11884
11926
11930
11990
11994
12002
12020
12060
12102
12142
12148
12154
12156
12170
12194
12202
12206
12214
12218
12230
12238
12244
12246
12254
12270
12276
12300
12342
12346
12348
12350
12370
12374
12388
12406
12436
12444
12450
12526
12530
12542
12550
12556
12580
12666
12684
12708
12718
12810
12820
12846
12854
12860
12890
12908
12922
12940
12954
12964
12966
12982
12986
12994
12998
13012
13046
13066
13076
13118
13154
13164
13174
13196
13212
13246
13270
13286
13298
13330
13334
13342
13354
13390
13402
13476
13500
13508
13524
13542
13550
13556
13586
13588
13594
13612
13638
13668
13682
13690
13710
13738
13756
13788
13830
13834
13850
13866
13918
13958
14042
14052
14086
14090
14140
14162
14190
14220
14252
14262
14276
14282
14342
14366
14414
14426
14430
14450
14458
14476
14514
14530
14572
14580
14588
14590
14620
14636
14642
14654
14658
14662
14684
14722
14738
14740
14754
14794
14810
14836
14854
14860
14906
14908
14916
14956
15002
15022
15034
15042
15114
15116
15124
15126
15154
15180
15196
15244
15250
15268
15294
15316
15380
15386
15406
15420
15454
15466
15468
15470
15510
15550
15554
15564
15566
15572
15596
15610
15698
15702
15740
15746
15762
15772
15798
15826
15850
15862
15866
15882
15884
15890
15922
15926
15934
15942
15972
15982
16014
16022
16030
16050
16058
16062
16090
16134
16158
16190
16202
16212
16220
16230
16262
16268
16274
16306
16332
16348
16354
16364
16394
16412
16468
16474
16482
16498
16522
16524
16570
16586
16590
16638
16666
16718
16750
16766
16790
16802
16812
16826
16846
16862
16924
16934
16988
17018
17022
17036
17038
17050
17060
17094
17100
17102
17114
17122
17134
17202
17210
17218
17266
17268
17276
17314
17326
17332
17346
17356
17364
17366
17380
17390
17410
17434
17450
17470
17484
17492
17500
17530
17542
17548
17620
17644
17652
17718
17726
17738
17780
17788
17798
17806
17814
17842
17846
17868
17884
17890
17902
17916
17930
17942
17974
18006
18026
18034
18036
18110
18182
18222
18250
18260
18294
18324
18326
18364
18374
18396
18398
18418
18434
18438
18458
18470
18498
18532
18546
18556
18572
18582
18598
18614
18644
18654
18676
18706
18722
18724
18790
18794
18814
18830
18842
18862
18886
18914
18946
18998
19004
19018
19036
19044
19052
19090
19164
19238
19244
19250
19266
19276
19294
19322
19324
19326
19354
19374
19388
19404
19406
19410
19446
19460
19474
19502
19514
19522
19526
19534
19554
19558
19582
19586
19612
19618
19654
19658
19676
19684
19706
19742
19754
19758
19866
19876
19892
19894
19898
19940
19950
19964
19994
20006
20052
20054
20074
20094
20102
20110
20132
20134
20158
20174
20186
20196
20252
20284
20292
20298
20300
20324
20334
20354
20364
20386
20388
20414
20420
20452
20454
20462
20522
20546
20614
20630
20638
20660
20684
20698
20762
20798
20802
20806
20812
20814
20822
20830
20834
20854
20868
20902
20914
20926
20938
20958
20974
20982
20994
20998
21046
21070
21090
21102
21106
21158
21198
21238
21244
21284
21300
21354
21406
21410
21450
21460
21462
21490
21494
21506
21532
21538
21542
21590
21598
21602
21606
21630
21674
21676
21682
21698
21706
21758
21790
21814
21844
21866
21886
21922
21934
21958
21994
22004
22018
22022
22042
22074
22092
22098
22106
22142
22146
22166
22170
22172
22214
22236
22258
22262
22268
22270
22274
22300
22314
22318
22326
22350
22358
22362
22450
22452
22484
22486
22532
22540
22546
22550
22574
22594
22598
22610
22646
22686
22694
22708
22722
22738
22758
22782
22834
22846
22918
22922
22938
22958
22972
22990
23010
23018
23042
23076
23084
23126
23134
23156
23170
23198
23222
23242
23258
23260
23270
23282
23286
23314
23326
23350
23362
23364
23366
23474
23522
23534
23538
23540
23548
23554
23558
23590
23594
23596
23658
23684
23690
23714
23718
23734
23756
23804
23818
23836
23860
23866
23874
23882
23894
23918
23940
23964
23988
24002
24014
24042
24090
24116
24126
24140
24162
24172
24238
24260
24266
24268
24298
24306
24308
24356
24374
24394
24398
24418
24442
24470
24510
24522
24586
24598
24604
24620
24682
24686
24718
24754
24788
24834
24854
24866
24870
24874
24886
24926
24932
24956
24980
24986
25018
25044
25050
25060
25062
25070
25098
25108
25202
25204
25234
25238
25250
25260
25270
25302
25310
25332
25342
25366
25372
25436
25446
25492
25494
25498
25500
25514
25530
25558
25562
25564
25572
25588
25602
25644
25670
25702
25718
25730
25762
25788
25790
25814
25822
25834
25836
25898
25914
25942
25982
25986
26012
26014
26022
26030
26044
26058
26074
26086
26130
26206
26210
26214
26254
26258
26266
26306
26342
26356
26372
26374
26410
26422
26430
26434
26438
26454
26462
26482
26502
26518
26534
26562
26596
26620
26652
26706
26716
26722
26742
26748
26758
26782
26798
26822
26846
26850
26858
26862
26890
26892
26922
26950
26970
26974
26994
26996
27002
27004
27012
27014
27062
27070
27086
27132
27158
27166
27170
27210
27212
27214
27244
27252
27294
27318
27350
27362
27364
27388
27390
27410
27442
27502
27506
27518
27534
27548
27550
27556
27564
27580
27582
27586
27590
27638
27660
27690
27714
27746
27748
27780
27786
27798
27812
27838
27850
27862
27868
27890
27892
27910
27930
27934
27942
27950
27958
27964
27966
28002
28018
28030
28054
28086
28094
28102
28114
28124
28126
28140
28154
28182
28186
28190
28214
28218
28238
28258
28260
28292
28300
28316
28342
28354
28370
28382
28410
28434
28452
28482
28508
28516
28522
28546
28550
28558
28590
28594
28626
28630
28644
28668
28694
28702
28730
28742
28764
28774
28780
28850
28898
28930
28966
28972
29060
29100
29118
29126
29140
29156
29182
29194
29210
29226
29230
29236
29242
29274
29282
29290
29294
29300
29334
29342
29350
29374
29382
29390
29396
29418
29498
29518
29550
29558
29580
29594
29596
29614
29644
29654
29726
29730
29740
29750
29770
29774
29804
29810
29852
29914
29940
29972
30058
30070
30094
30134
30146
30164
30174
30188
30194
30218
30234
30250
30252
30260
30292
30310
30342
30350
30358
30380
30442
30454
30458
30460
30470
30482
30498
30514
30548
30550
30566
30570
30596
30598
30604
30706
30718
30730
30746
30750
30780
30782
30804
30822
30826
30830
30910
30914
30922
30994
31010
31020
31038
31046
31052
31054
31090
31092
31114
31116
31138
31202
31214
31250
31268
31282
31294
31308
31310
31380
31388
31406
31474
31522
31558
31574
31582
31634
31654
31676
31692
31700
31716
31724
31756
31780
31820
31834
31844
31874
31884
31898
31924
31954
31982
31996
32006
32044
32060
32066
32074
32098
32102
32106
32108
32114
32126
32164
32194
32294
32302
32316
32326
32332
32340
32342
32362
32402
32404
32422
32522
32546
32582
32586
32610
32642
32654
32674
32690
32716
32740
32766
32772
32794
32798
32802
32870
32890
32924
32926
32954
33010
33026
33036
33046
33058
33070
33074
33094
33118
33132
33134
33148
33154
33172
33180
33188
33202
33204
33214
33218
33236
33244
33260
33292
33316
33346
33350
33356
33358
33382
33386
33388
33398
33414
33434
33446
33458
33468
33474
33494
33502
33506
33510
33522
33554
33564
33582
33614
33630
33652
33666
33692
33710
33762
33764
33782
33790
33804
33866
33884
33886
33892
33898
33906
33926
33942
33958
33964
33972
34068
34076
34114
34130
34138
34142
34162
34242
34266
34270
34284
34298
34330
34332
34348
34358
34374
34380
34394
34406
34430
34438
34444
34458
34482
34500
34518
34610
34620
34636
34646
34682
34694
34734
34806
34826
34838
34886
34898
34930
34958
34964
35012
35020
35022
35034
35062
35070
35074
35146
35148
35164
35188
35218
35236
35266
35284
35310
35338
35346
35366
35394
35430
35452
35462
35468
35474
35486
35530
35546
35646
35668
35690
35732
35734
35794
35814
35834
35844
35850
35868
35892
35898
35902
35986
35990
36004
36074
36118
36122
36134
36142
36166
36206
36212
36218
36222
36226
36350
36394
36404
36412
36418
36422
36426
36458
36482
36492
36524
36526
36532
36554
36572
36626
36634
36636
36662
36708
36730
36734
36740
36750
36766
36796
36804
36818
36826
36884
36902
36910
36914
36956
36986
36988
37006
37042
37046
37082
37090
37102
37202
37210
37230
37260
37268
37294
37298
37308
37322
37326
37338
37342
37356
37364
37406
37454
37470
37482
37538
37542
37546
37550
37570
37604
37606
37610
37614
37618
37626
37644
37654
37662
37668
37694
37698
37702
37706
37714
37734
37740
37758
37798
37810
37836
37882
37886
37932
37934
37942
37966
37970
37994
38006
38062
38090
38108
38126
38170
38186
38198
38202
38218
38234
38238
38242
38268
38270
38284
38354
38362
38364
38374
38382
38396
38398
38436
38442
38444
38476
38494
38500
38510
38524
38526
38540
38554
38562
38612
38642
38692
38706
38714
38716
38726
38750
38770
38830
38846
38860
38882
38884
38886
38910
38962
38982
39010
39018
39050
39054
39066
39070
39102
39134
39140
39142
39154
39164
39190
39194
39202
39204
39230
39242
39262
39292
39308
39310
39316
39362
39386
39388
39398
39434
39446
39460
39462
39500
39554
39558
39588
39594
39634
39666
39702
39742
39754
39756
39782
39844
39858
39876
39890
39898
39930
39932
39974
39982
40012
40052
40060
40070
40134
40180
40198
40202
40214
40222
40250
40254
40260
40276
40310
40318
40348
40354
40380
40422
40436
40452
40486
40500
40530
40542
40546
40572
40574
40580
40620
40654
40668
40686
40742
40754
40766
40804
40826
40836
40852
40866
40876
40882
40894
40906
40910
40932
40938
40946
40958
40982
40988
41006
41046
41050
41068
41102
41126
41138
41162
41190
41212
41226
41242
41262
41294
41300
41326
41334
41404
41406
41410
41414
41420
41422
41434
41494
41500
41502
41510
41516
41522
41570
41586
41612
41630
41700
41710
41718
41748
41762
41786
41788
41804
41818
41822
41830
41852
41906
41934
41946
41966
41986
42002
42018
42042
42058
42070
42090
42106
42116
42142
42146
42148
42218
42226
42252
42266
42286
42290
42302
42310
42314
42356
42362
42388
42442
42476
42494
42502
42516
42524
42630
42646
42674
42676
42726
42730
42758
42762
42804
42806
42810
42814
42842
42852
42882
42902
42908
42910
42942
42962
42964
42990
42994
42998
43010
43070
43082
43084
43162
43186
43202
43222
43238
43266
43274
43282
43300
43334
43346
43348
43356
43366
43372
43374
43382
43410
43412
43450
43466
43468
43490
43502
43516
43522
43540
43548
43564
43580
43596
43598
43602
43642
43646
43652
43654
43690
43742
43748
43754
43766
43802
43852
43876
43886
43906
43954
43988
43994
44014
44034
44062
44066
44074
44076
44092
44126
44158
44162
44194
44212
44222
44238
44246
44286
44294
44306
44322
44332
44362
44390
44398
44410
44412
44436
44438
44482
44486
44494
44524
44594
44596
44604
44606
44642
44660
44674
44698
44722
44742
44826
44868
44870
44890
44898
44906
44914
44916
44930
44958
44962
44972
44994
45034
45082
45100
45106
45110
45130
45170
45182
45190
45194
45204
45220
45254
45260
45282
45284
45310
45324
45330
45332
45338
45372
45402
45406
45418
45454
45482
45492
45502
45514
45566
45574
45612
45614
45642
45644
45654
45668
45698
45706
45716
45724
45730
45734
45742
45746
45770
45794
45830
45854
45860
45868
45886
45902
45934
45986
45988
46018
46044
46116
46122
46140
46146
46162
46180
46204
46218
46222
46236
46238
46246
46268
46274
46292
46298
46340
46342
46348
46354
46364
46366
46410
46426
46430
46486
46502
46514
46518
46532
46574
46586
46588
46598
46604
46654
46702
46738
46762
46770
46774
46796
46798
46812
46830
46858
46866
46870
46934
46964
47012
47018
47030
47042
47076
47086
47108
47130
47134
47158
47180
47190
47218
47266
47298
47310
47316
47332
47340
47348
47388
47446
47450
47454
47458
47470
47474
47484
47516
47518
47524
47526
47540
47554
47556
47586
47590
47598
47602
47604
47642
47658
47660
47670
47676
47722
47734
47740
47770
47834
47882
47894
47906
47908
47910
47914
47918
47938
47940
47954
47964
47966
47982
47998
48012
48020
48026
48046
48066
48068
48082
48106
48108
48110
48118
48122
48132
48134
48166
48172
48182
48266
48276
48334
48346
48364
48394
48404
48418
48454
48466
48468
48482
48534
48558
48610
48638
48670
48674
48676
48682
48686
48714
48718
48758
48774
48814
48830
48850
48860
48868
48908
48924
48934
48974
48980
48990
48994
49042
49060
49070
49102
49130
49148
49154
49172
49190
49196
49198
49206
49210
49218
49236
49242
49262
49274
49298
49334
49340
49342
49346
49362
49418
49454
49470
49534
49558
49570
49598
49606
49610
49618
49630
49642
49668
49674
49708
49742
49746
49748
49780
49794
49822
49834
49866
49870
49874
49932
49948
49954
49962
49966
49994
50006
50038
50054
50068
50086
50114
50118
50186
50198
50212
50222
50242
50270
50286
50298
50314
50316
50318
50324
50394
50398
50402
50410
50414
50434
50462
50468
50494
50508
50530
50542
50548
50550
50558
50604
50638
50646
50666
50676
50726
50740
50790
50798
50842
50846
50852
50870
50874
50906
50910
50924
50972
50996
51002
51018
51022
51050
51068
51070
51110
51114
51124
51162
51180
51190
51196
51238
51260
51300
51302
51308
51314
51322
51330
51332
51356
51358
51366
51418
51450
51454
51466
51476
51486
51490
51502
51506
51518
51530
51546
51574
51588
51590
51610
51668
51682
51702
51706
51710
51722
51724
51742
51764
51780
51798
51804
51830
51838
51860
51886
51902
51972
51994
51998
52042
52050
52060
52092
52118
52142
52170
52172
52188
52194
52206
52212
52242
52246
52302
52306
52310
52314
52330
52332
52356
52430
52502
52522
52524
52526
52558
52562
52586
52594
52598
52622
52636
52642
52652
52654
52658
52660
52668
52692
52700
52710
52738
52770
52774
52790
52826
52844
52846
52870
52922
52980
52986
52990
52994
53002
53004
53022
53034
53036
53068
53084
53086
53102
53108
53134
53148
53158
53174
53198
53214
53218
53234
53246
53254
53260
53268
53284
53286
53290
53308
53314
53316
53322
53382
53398
53414
53438
53452
53458
53542
53574
53590
53618
53620
53630
53638
53642
53646
53662
53674
53708
53724
53746
53758
53790
53794
53812
53818
53826
53830
53834
53882
53892
53894
53906
53908
53926
53938
53940
53950
53962
53964
54006
54014
54052
54062
54070
54098
54142
54164
54170
54174
54220
54222
54238
54254
54260
54276
54292
54294
54330
54350
54356
54372
54396
54482
54540
54550
54606
54614
54634
54658
54682
54716
54718
54722
54806
54818
54820
54830
54852
54862
54866
54902
54946
54950
54956
54958
54962
54966
54994
55010
55038
55042
55084
55086
55100
55102
55116
55164
55186
55198
55202
55210
55212
55238
55268
55270
55282
55318
55326
55346
55364
55390
55396
55414
55462
55518
55556
55558
55570
55598
55622
55644
55646
55654
55668
55670
55682
55714
55726
55758
55826
55842
55870
55894
55902
55914
55922
55948
55990
55994
55996
56002
56020
56030
56042
56054
56094
56110
56132
56182
56188
56204
56206
56226
56292
56298
56308
56370
56388
56442
56450
56454
56476
56516
56522
56550
56572
56598
56620
56666
56676
56714
56746
56750
56764
56802
56810
56812
56818
56822
56830
56852
56854
56870
56890
56894
56902
56918
56954
56958
56980
56988
56990
57004
57012
57050
57066
57092
57130
57242
57250
57262
57298
57316
57326
57350
57394
57396
57426
57446
57468
57494
57518
57524
57562
57572
57580
57598
57620
57626
57708
57734
57790
57810
57820
57822
57882
57898
57950
57954
57956
57966
57972
57974
58070
58074
58092
58102
58132
58154
58202
58206
58218
58246
58252
58268
58290
58306
58318
58334
58350
58356
58362
58404
58414
58444
58454
58462
58484
58502
58506
58514
58532
58550
58582
58588
58630
58666
58702
58718
58748
58764
58782
58790
58796
58834
58838
58846
58858
58870
58890
58902
58934
58938
58942
58988
58996
59010
59014
59054
59070
59098
59102
59110
59134
59142
59154
59158
59170
59172
59182
59204
59234
59258
59268
59298
59300
59318
59334
59338
59370
59386
59390
59396
59452
59482
59492
59510
59518
59538
59554
59556
59570
59594
59602
59620
59636
59638
59674
59710
59714
59750
59772
59774
59794
59806
59826
59834
59844
59854
59866
59882
59916
59934
59982
