pmin=258267632807
18424*28^n+125
20696
20698
20724
20726
20740
20760
20768
20776
20794
20820
20858
20868
20924
20946
20950
20964
20968
20986
20992
20994
21006
21010
21040
21046
21072
21114
21146
21194
21202
21208
21244
21248
21256
21272
21288
21298
21302
21320
21338
21354
21356
21362
21364
21378
21384
21392
21414
21428
21436
21442
21450
21452
21456
21508
21522
21544
21568
21570
21582
21600
21614
21616
21632
21670
21676
21690
21696
21704
21712
21742
21766
21774
21778
21780
21814
21816
21822
21850
21856
21860
21868
21904
21912
21928
21986
21994
22000
22002
22020
22036
22050
22068
22086
22128
22130
22134
22156
22162
22180
22192
22206
22208
22212
22220
22224
22228
22254
22256
22274
22282
22316
22318
22336
22352
22370
22404
22468
22488
22508
22532
22554
22576
22580
22588
22614
22644
22752
22784
22806
22810
22832
22856
22858
22874
22900
22904
22922
22932
22964
22976
23008
23012
23020
23036
23044
23072
23108
23112
23120
23152
23166
23182
23206
23236
23268
23272
23280
23288
23298
23308
23346
23362
23372
23376
23380
23394
23400
23416
23432
23444
23452
23458
23468
23472
23502
23520
23530
23534
23540
23574
23576
23588
23598
23612
23670
23678
23704
23736
23748
23754
23758
23764
23784
23802
23814
23876
23884
23904
23936
23972
23976
23982
23998
24008
24088
24100
24110
24134
24138
24142
24146
24162
24164
24172
24186
24188
24206
24214
24224
24242
24250
24264
24268
24278
24288
24290
24296
24318
24330
24336
24344
24354
24368
24448
24452
24468
24470
24498
24510
24520
24522
24552
24556
24576
24600
24604
24610
24628
24640
24672
24678
24694
24728
24738
24754
24782
24802
24812
24818
24822
24846
24874
24880
24888
24938
24988
24998
25002
25052
25056
25078
25098
25134
25142
25172
25204
25222
25240
25262
25276
25280
25286
25290
25330
25350
25380
25402
25432
25446
25470
25486
25514
25522
25584
25610
25638
25640
25662
25664
25686
25726
25744
25784
25808
25812
25818
25820
25826
25830
25862
25870
25874
25890
25900
25924
25954
25960
25968
25986
26004
26016
26018
26024
26050
26054
26096
26098
26114
26140
26142
26158
26190
26194
26252
26260
26288
26306
26340
26374
26376
26418
26422
26442
26458
26472
26500
26522
26536
26538
26544
26574
26610
26636
26638
26718
26730
26738
26746
26792
26814
26826
26834
26842
26852
26882
26950
26972
26982
26990
27008
27016
27018
27076
27080
27096
27102
27126
27152
27158
27160
27176
27178
27184
27204
27212
27224
27240
27260
27274
27282
27364
27368
27376
27384
27394
27402
27404
27412
27440
27458
27462
27474
27494
27510
27520
27534
27554
27558
27580
27598
27618
27656
27698
27750
27800
27860
27862
27880
27898
27914
27918
27922
27942
27968
27988
27994
28006
28022
28030
28034
28060
28088
28110
28178
28200
28204
28212
28220
28238
28264
28268
28290
28300
28386
28408
28430
28438
28454
28456
28502
28510
28534
28546
28552
28560
28562
28564
28566
28650
28652
28664
28686
28690
28714
28736
28740
28742
28772
28798
28824
28844
28858
28862
28876
28906
28916
28924
28930
28974
28980
28984
29028
29048
29060
29078
29084
29086
29088
29094
29102
29106
29120
29130
29158
29174
29182
29226
29232
29254
29256
29268
29290
29334
29336
29352
29362
29382
29392
29398
29410
29418
29420
29438
29456
29464
29500
29510
29516
29526
29554
29564
29572
29574
29592
29598
29618
29650
29658
29664
29668
29670
29678
29700
29708
29734
29744
29748
29768
29770
29790
29832
29842
29850
29858
29884
29888
29906
29914
29920
29924
29934
29978
29988
30038
30058
30084
30086
30094
30100
30112
30114
30118
30154
30176
30192
30198
30210
30212
30236
30238
30240
30246
30248
30262
30428
30432
30434
30436
30478
30488
30496
30498
30506
30532
30590
30608
30614
30634
30654
30672
30714
30722
30730
30750
30762
30770
30778
30802
30816
30846
30860
30878
30888
30904
30914
30946
30968
30974
31022
31048
31058
31062
31064
31074
31100
31104
31126
31146
31172
31190
31198
31202
31216
31226
31228
31242
31252
31280
31282
31284
31298
31302
31306
31320
31388
31426
31432
31478
31494
31504
31506
31512
31516
31530
31536
31544
31562
31570
31584
31598
31630
31642
31674
31676
31696
31724
31784
31800
31810
31822
31828
31832
31856
31858
31874
31886
31910
31972
32010
32020
32036
32084
32088
32090
32098
32108
32120
32128
32138
32144
32146
32154
32174
32178
32188
32198
32200
32218
32242
32270
32354
32362
32380
32394
32406
32430
32486
32488
32498
32516
32532
32560
32570
32584
32596
32598
32602
32616
32660
32674
32696
32706
32738
32742
32778
32784
32850
32862
32872
32876
32898
32928
32946
32952
33000
33006
33008
33038
33062
33082
33096
33098
33106
33144
33154
33190
33204
33208
33236
33272
33296
33318
33342
33344
33358
33366
33368
33378
33424
33426
33444
33492
33502
33514
33532
33570
33576
33600
33620
33654
33664
33672
33676
33712
33714
33758
33772
33780
33786
33828
33830
33854
33856
33882
33888
33894
33916
33934
33944
33962
33980
33982
34018
34032
34034
34036
34072
34080
34090
34096
34146
34154
34168
34182
34204
34218
34222
34232
34244
34252
34254
34262
34278
34286
34340
34352
34370
34374
34456
34458
34482
34484
34496
34510
34514
34520
34546
34554
34568
34582
34584
34586
34594
34626
34632
34638
34672
34682
34684
34690
34692
34710
34762
34766
34772
34774
34792
34802
34818
34826
34852
34872
34890
34926
34942
34950
34972
34974
34982
35042
35062
35072
35080
35082
35116
35124
35132
35168
35180
35206
35238
35258
35276
35298
35328
35342
35346
35368
35384
35394
35396
35410
35414
35428
35430
35440
35504
35518
35520
35530
35536
35598
35608
35620
35630
35636
35648
35652
35662
35690
35716
35744
35800
35808
35826
35846
35918
35940
35950
35952
35978
35996
36016
36018
36034
36040
36054
36070
36072
36090
36098
36132
36168
36186
36196
36228
36256
36282
36284
36294
36320
36358
36366
36368
36382
36438
36464
36490
36554
36556
36576
36598
36600
36618
36626
36664
36680
36690
36698
36700
36720
36736
36738
36768
36778
36792
36806
36816
36824
36836
36904
36922
36926
36976
37050
37086
37106
37130
37152
37160
37210
37224
37246
37264
37310
37348
37354
37362
37376
37380
37408
37420
37454
37480
37510
37516
37520
37524
37536
37544
37552
37554
37580
37610
37642
37650
37656
37674
37704
37706
37732
37762
37770
37772
37776
37782
37798
37840
37858
37868
37924
37948
37970
37988
37996
38022
38030
38046
38048
38064
38074
38082
38118
38120
38146
38150
38204
38222
38230
38248
38276
38292
38300
38312
38336
38374
38400
38430
38434
38444
38470
38472
38474
38496
38510
38568
38578
38586
38590
38622
38624
38634
38660
38662
38668
38672
38678
38680
38694
38698
38706
38752
38770
38778
38822
38826
38842
38860
38862
38906
38932
38934
38956
38964
38976
38992
39002
39012
39038
39058
39068
39082
39090
39092
39104
39112
39148
39198
39234
39236
39270
39288
39292
39294
39298
39328
39330
39338
39346
39364
39374
39398
39418
39426
39442
39472
39480
39482
39514
39528
39540
39550
39554
39648
39668
39688
39738
39766
39796
39798
39806
39820
39870
39874
39888
39892
39896
39922
39936
39954
39956
39966
39976
40004
40028
40030
40040
40102
40104
40146
40148
40172
40174
40212
40216
40228
40234
40278
40288
40336
40342
40350
40354
40368
40372
40404
40406
40408
40464
40490
40498
40512
40526
40568
40588
40616
40622
40624
40648
40652
40688
40698
40748
40776
40794
40804
40824
40830
40840
40850
40854
40882
40884
40910
40940
40962
40966
40984
41020
41038
41044
41084
41106
41124
41144
41170
41228
41246
41260
41282
41288
41296
41306
41308
41354
41376
41386
41400
41422
41444
41454
41488
41512
41520
41524
41558
41584
41614
41632
41678
41684
41688
41692
41696
41702
41710
41736
41756
41768
41794
41818
41862
41926
41936
41946
41962
41972
42018
42044
42070
42092
42124
42128
42136
42138
42200
42216
42226
42286
42294
42314
42332
42334
42352
42358
42366
42368
42404
42426
42430
42434
42452
42468
42476
42488
42538
42550
42556
42592
42602
42612
42620
42642
42646
42784
42790
42798
42816
42848
42852
42854
42874
42880
42916
42918
42930
42944
42970
42988
43028
43032
43034
43046
43062
43082
43106
43114
43144
43150
43152
43154
43180
43196
43204
43218
43280
43298
43348
43360
43370
43394
43396
43414
43428
43430
43456
43484
43486
43506
43510
43518
43522
43532
43600
43608
43628
43656
43658
43674
43700
43726
43734
43738
43748
43792
43808
43816
43820
43826
43828
43838
43848
43860
43874
43918
43946
43952
43964
43970
44034
44064
44088
44100
44106
44108
44114
44116
44132
44160
44162
44188
44256
44286
44298
44310
44348
44350
44356
44382
44446
44464
44520
44530
44572
44576
44610
44628
44634
44636
44654
44656
44658
44670
44674
44706
44734
44752
44766
44782
44788
44798
44818
44860
44870
44914
44932
44958
44968
45004
45014
45016
45052
45058
45088
45096
45112
45114
45120
45122
45134
45138
45142
45170
45204
45206
45222
45224
45258
45264
45312
45320
45328
45336
45358
45382
45430
45432
45454
45458
45502
45504
45510
45546
45552
45580
45588
45598
45616
45646
45648
45670
45680
45688
45706
45726
45778
45798
45826
45842
45854
45870
45904
45968
45978
45980
46004
46074
46080
46084
46088
46096
46102
46104
46158
46166
46176
46202
46206
46246
46274
46278
46300
46308
46330
46344
46364
46368
46404
46408
46412
46416
46448
46500
46538
46560
46580
46590
46602
46628
46638
46662
46682
46704
46722
46736
46850
46852
46854
46868
46870
46878
46958
46980
47046
47060
47088
47106
47112
47118
47138
47154
47166
47176
47184
47226
47228
47250
47280
47302
47308
47358
47384
47398
47402
47406
47434
47444
47464
47474
47478
47482
47506
47520
47536
47546
47560
47570
47600
47606
47624
47634
47734
47752
47788
47808
47816
47842
47892
47928
47956
48020
48064
48076
48082
48100
48104
48130
48146
48150
48162
48218
48258
48272
48274
48290
48366
48378
48428
48438
48442
48446
48472
48498
48572
48580
48600
48618
48626
48640
48644
48650
48690
48702
48704
48714
48730
48750
48758
48796
48812
48838
48856
48858
48864
48874
48884
48922
48930
48936
48964
48984
48990
49000
49008
49010
49022
49028
49040
49108
49130
49134
49146
49210
49242
49254
49280
49300
49316
49328
49336
49352
49374
49386
49390
49414
49462
49464
49508
49522
49524
49530
49576
49594
49620
49626
49650
49658
49678
49686
49710
49774
49800
49810
49828
49868
49872
49896
49910
49926
49938
49944
49992
50000
50016
50018
50062
50074
50088
50092
50118
50126
50130
50134
50188
50238
50260
50272
50296
50342
50354
50370
50372
50408
50442
50498
50502
50504
50538
50558
50562
50594
50622
50638
50648
50694
50702
50710
50778
50818
50822
50828
50836
50838
50840
50876
50884
50894
50898
50910
50926
50974
50980
50990
50994
51044
51070
51088
51090
51100
51116
51136
51146
51152
51172
51174
51208
51232
51252
51262
51272
51330
51332
51350
51394
51432
51434
51438
51460
51478
51484
51534
51538
51542
51576
51578
51594
51600
51602
51630
51692
51694
51704
51754
51776
51784
51808
51818
51820
51838
51854
51856
51864
51908
51912
51934
51960
51972
52008
52020
52028
52056
52070
52090
52096
52136
52144
52194
52198
52216
52260
52302
52306
52366
52374
52446
52474
52520
52554
52626
52654
52676
52710
52726
52770
52772
52798
52808
52818
52844
52848
52864
52878
52888
52960
52962
52988
53006
53014
53032
53054
53078
53080
53098
53118
53188
53278
53294
53302
53330
53356
53364
53402
53424
53428
53454
53476
53500
53508
53514
53544
53548
53558
53562
53604
53616
53618
53620
53644
53694
53698
53710
53744
53746
53748
53756
53766
53782
53798
53818
53826
53832
53844
53890
53896
53900
53906
53908
53914
53944
53970
53990
54054
54086
54104
54112
54134
54140
54152
54158
54196
54238
54332
54338
54340
54360
54364
54402
54422
54426
54436
54448
54474
54504
54528
54548
54572
54576
54592
54610
54616
54624
54638
54646
54652
54678
54680
54698
54714
54750
54762
54788
54810
54832
54844
54846
54854
54862
54864
54954
54968
54984
54990
55004
55006
55040
55052
55078
55094
55096
55122
55130
55138
55146
55150
55170
55184
55188
55192
55204
55214
55228
55230
55248
55250
55312
55320
55332
55444
55448
55458
55488
55516
55526
55534
55542
55544
55546
55590
55608
55616
55642
55660
55706
55724
55732
55760
55790
55804
55830
55834
55872
55908
55916
55930
55978
56002
56042
56064
56074
56094
56102
56110
56138
56142
56192
56218
56222
56272
56344
56346
56362
56374
56392
56398
56410
56418
56420
56434
56444
56454
56472
56488
56498
56528
56536
56542
56560
56590
56626
56632
56642
56696
56704
56724
56732
56760
56794
56826
56852
56874
56876
56878
56896
56902
56922
56930
56952
56964
56966
57056
57110
57130
57148
57164
57172
57198
57218
57246
57308
57330
57336
57344
57364
57374
57418
57444
57454
57470
57480
57540
57544
57550
57558
57568
57570
57624
57648
57658
57686
57702
57704
57712
57722
57724
57748
57750
57784
57806
57814
57816
57840
57850
57856
57868
57884
57904
57956
57966
57984
57992
58004
58026
58040
58072
58082
58094
58112
58198
58274
58278
58280
58292
58306
58320
58346
58372
58390
58396
58422
58440
58442
58478
58508
58514
58534
58568
58576
58584
58604
58622
58642
58648
58688
58696
58698
58712
58728
58752
58768
58786
58838
58848
58868
58872
58890
58936
58946
58954
58958
58984
59010
59026
59044
59054
59056
59074
59082
59144
59160
59202
59238
59260
59262
59264
59272
59324
59350
59358
59362
59368
59370
59398
59400
59416
59426
59444
59476
59494
59506
59520
59538
59548
59576
59584
59592
59602
59604
59606
59668
59696
59702
59714
59730
59758
59778
59862
59864
59872
59920
59958
170576*28^n-143
17499
17513
17527
17531
17535
17549
17563
17599
17611
17619
17621
17639
17663
17665
17673
17713
17725
17737
17751
17771
17779
17783
17793
17803
17809
17815
17863
17883
17923
17925
17935
17941
17949
17955
18001
18019
18077
18085
18095
18103
18109
18111
18113
18139
18153
18189
18195
18241
18257
18259
18277
18283
18303
18305
18307
18311
18343
18359
18379
18383
18405
18413
18419
18421
18423
18427
18431
18441
18451
18463
18473
18485
18495
18503
18505
18513
18557
18563
18565
18601
18629
18645
18701
18703
18719
18737
18741
18763
18799
18819
18845
18853
18855
18859
18871
18881
18903
18923
18979
18997
18999
19043
19053
19059
19075
19115
19153
19175
19177
19179
19201
19223
19241
19249
19261
19275
19277
19323
19327
19365
19389
19393
19409
19447
19459
19463
19471
19473
19477
19493
19503
19511
19517
19519
19543
19555
19563
19567
19573
19593
19605
19619
19625
19645
19659
19669
19701
19713
19745
19781
19783
19785
19791
19839
19849
19871
19899
19903
19959
19963
19971
19975
20017
20023
20029
20039
20055
20093
20111
20131
20191
20195
20201
20213
20223
20253
20265
20269
20293
20329
20343
20357
20361
20373
20379
20403
20429
20453
20489
20493
20497
20499
20521
20539
20551
20561
20593
20595
20613
20619
20625
20649
20655
20659
20681
20707
20717
20745
20759
20769
20771
20779
20789
20797
20803
20805
20815
20823
20849
20859
20899
20919
20959
20983
21025
21031
21037
21039
21051
21075
21097
21123
21129
21137
21155
21163
21165
21169
21181
21185
21193
21199
21223
21227
21243
21247
21253
21275
21293
21301
21319
21345
21349
21363
21383
21389
21407
21423
21427
21435
21457
21463
21495
21511
21519
21531
21547
21559
21591
21609
21613
21619
21671
21693
21715
21725
21731
21743
21761
21793
21797
21805
21821
21847
21851
21871
21873
21903
21905
21929
21939
21955
21969
21983
21991
21995
22001
22005
22013
22039
22057
22059
22065
22071
22093
22109
22117
22123
22127
22129
22157
22199
22211
22213
22215
22217
22303
22309
22323
22327
22335
22343
22345
22357
22375
22389
22409
22443
22451
22459
22463
22479
22501
22537
22545
22549
22555
22575
22577
22593
22613
22621
22627
22675
22693
22701
22705
22711
22715
22729
22755
22775
22789
22791
22803
22831
22865
22883
22903
22921
22939
22965
22975
23027
23055
23071
23137
23139
23145
23149
23151
23175
23183
23199
23251
23253
23255
23261
23269
23279
23319
23323
23331
23359
23377
23395
23405
23415
23445
23461
23463
23475
23511
23527
23535
23569
23579
23583
23585
23587
23605
23613
23619
23629
23677
23685
23689
23763
23779
23795
23815
23819
23849
23853
23889
23921
23923
23927
23935
23939
23943
23949
23963
24009
24015
24019
24037
24045
24079
24093
24155
24173
24215
24225
24229
24263
24271
24279
24283
24285
24287
24303
24305
24319
24321
24331
24367
24371
24385
24389
24395
24405
24429
24445
24459
24499
24511
24541
24553
24557
24565
24575
24595
24623
24645
24647
24655
24661
24705
24709
24719
24727
24751
24759
24763
24771
24819
24823
24829
24839
24863
24875
24877
24881
24895
24917
24929
24955
24963
24973
25005
25023
25027
25039
25069
25073
25087
25097
25117
25129
25147
25151
25171
25187
25203
25207
25239
25269
25277
25323
25335
25363
25381
25419
25423
25439
25441
25537
25539
25543
25549
25559
25585
25631
25635
25653
25663
25669
25673
25687
25705
25709
25755
25757
25771
25809
25811
25813
25835
25865
25867
25869
25879
25899
25907
25915
25919
25929
25939
25959
25963
25969
25973
25987
25997
26005
26029
26031
26047
26051
26063
26065
26069
26089
26115
26125
26171
26173
26179
26197
26199
26205
26209
26213
26223
26231
26245
26249
26257
26263
26271
26275
26283
26295
26319
26357
26401
26409
26413
26419
26441
26447
26451
26467
26491
26495
26503
26541
26565
26581
26593
26603
26623
26643
26699
26735
26737
26765
26775
26803
26819
26827
26837
26887
26889
26893
26897
26913
26917
26953
26955
26973
27009
27013
27061
27095
27099
27123
27125
27157
27217
27253
27259
27283
27293
27307
27313
27315
27323
27341
27391
27421
27439
27457
27465
27469
27471
27473
27485
27523
27525
27535
27539
27579
27589
27601
27607
27625
27643
27703
27723
27725
27745
27783
27809
27847
27855
27881
27891
27899
27901
27913
27921
27923
27937
27953
27969
28009
28021
28045
28049
28065
28069
28087
28095
28097
28105
28111
28151
28173
28205
28219
28241
28247
28261
28267
28299
28305
28319
28323
28331
28339
28349
28359
28365
28383
28399
28403
28419
28463
28465
28477
28479
28511
28555
28563
28571
28589
28597
28619
28623
28627
28657
28689
28691
28695
28709
28713
28715
28717
28723
28731
28735
28745
28749
28751
28753
28765
28769
28773
28779
28787
28823
28835
28837
28839
28853
28861
28863
28871
28879
28903
28913
28923
28927
28963
28975
28993
29021
29043
29073
29109
29115
29119
29129
29149
29151
29161
29199
29213
29221
29237
29255
29265
29303
29317
29319
29341
29359
29363
29383
29415
29435
29453
29483
29509
29569
29573
29579
29583
29591
29597
29631
29651
29663
29701
29703
29715
29717
29731
29781
29789
29827
29831
29871
29887
29935
29939
29949
29959
29969
29971
29979
29983
30005
30013
30075
30079
30095
30103
30131
30173
30189
30193
30205
30219
30245
30263
30273
30307
30331
30351
30371
30403
30409
30429
30439
30443
30445
30461
30475
30491
30515
30519
30525
30535
30551
30563
30573
30599
30603
30613
30639
30659
30663
30671
30705
30723
30725
30727
30775
30781
30787
30793
30799
30835
30883
30885
30893
30895
30919
30923
30929
30939
30959
31013
31055
31059
31075
31085
31095
31103
31143
31177
31179
31209
31235
31237
31245
31261
31327
31389
31397
31399
31401
31405
31411
31413
31429
31453
31471
31489
31499
31505
31507
31523
31567
31575
31591
31595
31597
31613
31623
31663
31669
31681
31683
31693
31713
31715
31719
31723
31739
31741
31747
31755
31783
31803
31807
31823
31829
31845
31875
31877
31879
31881
31885
31919
31955
31971
31999
32003
32017
32021
32027
32039
32047
32059
32075
32083
32095
32099
32165
32171
32209
32225
32251
32259
32273
32279
32289
32295
32299
32319
32323
32365
32387
32399
32417
32423
32425
32435
32445
32467
32475
32491
32495
32497
32523
32543
32549
32563
32579
32603
32619
32623
32625
32649
32671
32689
32693
32705
32719
32749
32773
32795
32801
32841
32853
32895
32911
32917
32963
32977
33013
33015
33035
33043
33055
33061
33067
33085
33093
33107
33125
33139
33143
33153
33155
33183
33205
33213
33215
33285
33319
33353
33359
33363
33377
33381
33385
33395
33463
33469
33475
33485
33487
33499
33517
33539
33541
33557
33595
33607
33623
33643
33667
33679
33693
33695
33719
33727
33729
33749
33775
33821
33831
33857
33875
33877
33879
33919
33939
33985
33991
34007
34019
34023
34027
34035
34055
34057
34083
34111
34117
34119
34131
34163
34181
34235
34239
34255
34259
34267
34275
34293
34299
34309
34313
34321
34351
34357
34367
34389
34397
34411
34413
34421
34451
34485
34509
34547
34549
34561
34567
34599
34609
34619
34641
34653
34655
34659
34663
34699
34709
34735
34755
34773
34779
34783
34803
34813
34819
34829
34839
34843
34865
34869
34875
34885
34889
34903
34911
34935
34943
34951
34957
35051
35085
35105
35115
35117
35135
35143
35145
35149
35155
35163
35223
35235
35251
35261
35263
35285
35357
35365
35369
35393
35431
35439
35483
35485
35537
35539
35541
35557
35569
35581
35583
35591
35605
35611
35619
35623
35625
35647
35655
35663
35679
35699
35703
35745
35805
35815
35819
35839
35857
35869
35889
35917
35931
35947
35953
35977
35985
35987
35989
35995
35999
36005
36007
36021
36031
36049
36059
36063
36095
36103
36127
36161
36171
36203
36215
36251
36283
36291
36319
36325
36337
36343
36351
36355
36365
36373
36381
36403
36457
36463
36487
36511
36523
36529
36547
36553
36573
36581
36583
36599
36619
36629
36635
36669
36671
36673
36691
36745
36753
36757
36773
36775
36787
36795
36797
36801
36813
36835
36847
36887
36905
36915
36975
36999
37061
37103
37121
37157
37175
37183
37191
37203
37205
37215
37251
37265
37281
37303
37321
37329
37331
37363
37389
37391
37405
37413
37421
37427
37439
37471
37485
37499
37507
37539
37573
37585
37599
37603
37627
37639
37653
37665
37701
37719
37741
37747
37759
37763
37771
37809
37821
37841
37873
37877
37895
37911
37915
37943
37951
37957
37971
37993
37997
38001
38017
38019
38043
38059
38077
38089
38095
38139
38141
38161
38165
38179
38185
38231
38249
38257
38263
38325
38327
38331
38355
38359
38363
38411
38413
38417
38455
38461
38467
38497
38507
38515
38519
38537
38539
38559
38565
38579
38587
38593
38635
38647
38671
38683
38707
38717
38719
38771
38773
38789
38823
38825
38843
38845
38859
38867
38871
38893
38899
38901
38913
38957
38971
38979
39015
39029
39047
39049
39063
39075
39099
39105
39109
39135
39145
39149
39151
39153
39169
39175
39187
39239
39241
39261
39263
39279
39281
39295
39299
39309
39343
39363
39399
39409
39435
39437
39451
39475
39529
39543
39595
39601
39607
39613
39637
39639
39643
39655
39661
39715
39757
39767
39775
39803
39805
39811
39825
39839
39945
39951
39963
39965
39967
39973
39977
40039
40055
40071
40083
40085
40109
40123
40125
40141
40149
40163
40189
40225
40229
40265
40273
40283
40291
40307
40311
40343
40353
40357
40369
40393
40397
40415
40425
40455
40481
40483
40489
40509
40519
40541
40561
40571
40581
40589
40593
40625
40635
40651
40661
40679
40687
40695
40699
40719
40723
40751
40789
40829
40839
40855
40863
40905
40923
40955
40959
40963
40987
40991
41003
41013
41043
41089
41103
41135
41155
41169
41173
41175
41185
41201
41227
41253
41261
41289
41293
41295
41299
41313
41315
41317
41323
41329
41343
41349
41363
41365
41383
41459
41467
41499
41503
41513
41525
41527
41539
41549
41553
41583
41587
41595
41605
41617
41629
41643
41649
41665
41677
41701
41743
41783
41793
41801
41827
41837
41839
41857
41865
41889
41921
41927
41947
41953
41957
41965
41975
41979
41993
42011
42015
42031
42085
42089
42135
42153
42165
42175
42179
42183
42199
42209
42217
42241
42301
42319
42339
42345
42371
42377
42391
42411
42451
42467
42487
42497
42503
42525
42547
42559
42579
42589
42605
42613
42641
42659
42675
42695
42699
42709
42759
42773
42789
42811
42829
42863
42865
42881
42945
42951
42961
42967
42993
43003
43005
43009
43015
43029
43061
43063
43073
43083
43093
43159
43165
43181
43207
43209
43215
43219
43221
43253
43269
43303
43357
43367
43395
43397
43413
43421
43439
43443
43451
43457
43461
43465
43479
43495
43519
43551
43569
43619
43653
43659
43669
43683
43685
43709
43713
43721
43799
43807
43817
43819
43829
43835
43861
43863
43873
43883
43903
43975
43991
43995
43999
44017
44019
44041
44043
44047
44059
44065
44099
44107
44125
44169
44175
44221
44227
44231
44251
44253
44275
44279
44315
44369
44373
44401
44415
44443
44461
44463
44465
44479
44481
44503
44515
44541
44583
44585
44611
44621
44631
44647
44675
44677
44681
44685
44737
44739
44755
44775
44797
44799
44805
44809
44827
44839
44841
44843
44919
44979
44991
45003
45013
45023
45041
45053
45055
45071
45103
45121
45129
45143
45163
45171
45175
45219
45223
45229
45269
45285
45309
45311
45363
45367
45383
45391
45397
45399
45409
45427
45449
45459
45469
45511
45525
45549
45553
45565
45573
45585
45599
45603
45611
45621
45635
45639
45645
45649
45653
45663
45671
45685
45751
45793
45809
45813
45815
45843
45845
45853
45877
45879
45885
45937
45949
45959
45961
45979
46015
46053
46067
46081
46095
46099
46129
46151
46165
46183
46191
46193
46195
46205
46211
46223
46237
46245
46251
46323
46351
46359
46365
46383
46403
46441
46447
46473
46475
46485
46493
46515
46519
46543
46571
46579
46601
46627
46653
46689
46693
46731
46741
46747
46769
46787
46789
46799
46803
46823
46835
46837
46843
46869
46915
46943
46949
46963
46985
46997
47005
47011
47023
47047
47051
47071
47075
47131
47141
47175
47179
47195
47219
47241
47253
47255
47291
47293
47299
47317
47329
47339
47349
47357
47371
47419
47421
47439
47467
47469
47473
47475
47489
47501
47505
47525
47575
47589
47617
47629
47643
47645
47663
47665
47679
47681
47703
47715
47717
47735
47753
47759
47789
47791
47823
47835
47843
47851
47861
47871
47885
47905
47913
47921
47971
47975
47979
47985
47995
48007
48011
48023
48049
48059
48069
48079
48097
48113
48127
48169
48173
48191
48211
48213
48223
48259
48261
48303
48307
48329
48335
48343
48349
48379
48383
48401
48407
48437
48455
48459
48461
48469
48491
48499
48501
48509
48513
48517
48519
48525
48535
48553
48559
48585
48625
48639
48645
48685
48713
48715
48725
48735
48751
48759
48763
48801
48813
48829
48851
48853
48871
48873
48875
48883
48895
48929
48951
48963
48995
48997
49027
49031
49039
49069
49087
49109
49129
49173
49185
49189
49199
49207
49213
49219
49231
49245
49253
49269
49271
49275
49299
49315
49353
49357
49375
49391
49395
49399
49463
49501
49549
49573
49589
49595
49613
49629
49635
49643
49645
49649
49669
49687
49703
49711
49777
49805
49815
49855
49859
49869
49879
49897
49901
49903
49937
49939
49941
49953
49969
49971
50019
50025
50029
50043
50049
50053
50063
50071
50075
50079
50089
50107
50119
50139
50151
50165
50203
50225
50235
50257
50259
50273
50275
50289
50299
50305
50313
50319
50347
50359
50373
50417
50479
50481
50485
50515
50531
50539
50575
50579
50581
50589
50603
50619
50643
50659
50707
50769
50773
50779
50783
50795
50801
50813
50815
50827
50829
50859
50863
50893
50899
50911
50925
50927
50941
50959
50963
50977
50995
51003
51009
51013
51025
51067
51083
51115
51121
51127
51173
51187
51189
51199
51255
51265
51277
51299
51305
51349
51371
51399
51415
51423
51457
51465
51501
51529
51535
51569
51573
51585
51601
51607
51639
51693
51701
51757
51759
51765
51773
51795
51817
51819
51823
51825
51873
51893
51903
51935
51945
51975
51999
52007
52115
52131
52163
52165
52179
52189
52199
52239
52243
52261
52315
52321
52335
52395
52399
52401
52403
52411
52447
52453
52469
52475
52489
52513
52525
52549
52573
52593
52595
52605
52623
52629
52675
52717
52719
52739
52741
52783
52811
52883
52885
52901
52929
52943
52965
52973
52989
52995
53013
53035
53053
53101
53179
53189
53199
53203
53225
53229
53231
53239
53261
53263
53267
53283
53285
53289
53301
53321
53343
53347
53349
53353
53361
53375
53461
53475
53483
53499
53503
53603
53639
53663
53679
53683
53685
53701
53729
53739
53765
53797
53803
53805
53809
53811
53823
53837
53839
53851
53855
53865
53895
53897
53915
53941
53943
53953
53963
53965
53981
54019
54037
54059
54061
54071
54077
54079
54089
54091
54103
54109
54113
54121
54151
54161
54219
54243
54255
54271
54275
54277
54291
54303
54309
54313
54315
54341
54347
54359
54363
54369
54373
54377
54399
54403
54449
54465
54473
54475
54543
54557
54565
54575
54603
54607
54621
54625
54651
54669
54705
54709
54715
54727
54751
54759
54765
54775
54783
54791
54797
54815
54817
54847
54895
54903
54943
54959
54971
54977
54999
55009
55011
55025
55035
55057
55059
55085
55103
55135
55139
55179
55183
55191
55223
55241
55245
55251
55261
55277
55281
55297
55299
55303
55309
55315
55319
55331
55335
55339
55345
55349
55391
55393
55405
55483
55499
55503
55507
55517
55535
55549
55561
55615
55639
55655
55699
55719
55735
55741
55771
55783
55819
55821
55831
55835
55853
55855
55859
55873
55881
55885
55893
55939
55943
55945
55951
55959
55971
55975
55997
56003
56015
56029
56059
56083
56085
56103
56163
56167
56181
56197
56209
56231
56275
56283
56293
56295
56321
56323
56339
56347
56379
56399
56429
56437
56449
56461
56469
56543
56553
56575
56595
56609
56613
56649
56651
56659
56671
56703
56721
56779
56799
56815
56835
56851
56869
56875
56883
56923
56925
56975
57023
57103
57119
57131
57157
57203
57219
57221
57227
57257
57283
57289
57299
57301
57351
57371
57373
57405
57423
57445
57461
57499
57511
57519
57523
57551
57571
57583
57609
57615
57631
57637
57655
57679
57695
57763
57767
57795
57797
57801
57819
57823
57835
57851
57873
57879
57951
57963
57981
57997
58035
58037
58057
58065
58099
58113
58119
58139
58159
58161
58185
58203
58215
58261
58279
58291
58319
58327
58335
58343
58355
58363
58443
58445
58449
58453
58479
58495
58501
58507
58509
58531
58537
58559
58569
58625
58639
58663
58665
58671
58685
58729
58743
58747
58749
58751
58769
58789
58869
58885
58901
58927
58931
58963
59003
59027
59031
59045
59049
59061
59073
59077
59095
59099
59119
59137
59173
59215
59235
59243
59261
59293
59299
59305
59311
59313
59317
59351
59403
59405
59419
59423
59435
59437
59439
59459
59461
59489
59503
59505
59523
59527
59529
59561
59563
59565
59593
59595
59597
59611
59635
59643
59647
59665
59685
59691
59707
59747
59751
59759
59791
59805
59821
59829
59853
59855
59859
59863
59871
59917
59919
59925
59927
59949
59955
59971
59983
