pmin=35091455911
18424*28^n+125
60002
60064
60106
60152
60154
60170
60232
60286
60352
60386
60476
60502
60556
60574
60610
60622
60632
60656
60686
60692
60694
60700
60766
60812
60820
60884
60944
60952
60964
60982
61024
61162
61216
61222
61232
61316
61324
61334
61376
61384
61402
61430
61474
61496
61594
61654
61690
61810
61844
61870
61874
61880
61916
61936
61960
61972
61996
62014
62036
62042
62086
62090
62126
62144
62204
62212
62276
62302
62386
62432
62440
62446
62464
62486
62504
62554
62572
62594
62612
62690
62710
62744
62762
62792
62872
62900
62936
62950
62960
62996
63016
63040
63076
63104
63106
63140
63142
63170
63196
63284
63302
63314
63340
63364
63454
63494
63502
63512
63536
63652
63692
63710
63716
63754
63760
63764
63772
63806
63832
63850
63940
63976
63980
64024
64042
64070
64160
64186
64192
64246
64274
64300
64304
64336
64366
64382
64400
64456
64462
64484
64534
64552
64564
64592
64600
64642
64816
64832
64834
64850
64894
64934
64942
64976
65032
65042
65060
65120
65122
65164
65236
65264
65284
65300
65326
65374
65390
65474
65492
65606
65636
65654
65714
65722
65726
65770
65786
65830
65870
65884
65902
65912
66004
66020
66022
66046
66074
66094
66136
66226
66254
66310
66416
66442
66446
66482
66532
66562
66616
66622
66676
66680
66694
66706
66716
66752
66796
66802
66824
66856
66874
66904
66910
67000
67022
67030
67072
67144
67184
67192
67220
67234
67244
67262
67264
67270
67300
67324
67342
67406
67424
67454
67462
67486
67514
67586
67606
67630
67634
67652
67696
67756
67802
67850
67930
67966
68002
68044
68054
68062
68084
68134
68210
68234
68260
68342
68344
68362
68380
68414
68444
68452
68512
68516
68570
68576
68606
68656
68660
68684
68686
68692
68782
68840
68864
68872
68882
68912
68920
68936
68966
68992
69020
69092
69136
69214
69242
69244
69250
69262
69304
69316
69334
69340
69352
69376
69394
69460
69476
69524
69596
69620
69632
69730
69826
69830
69862
69892
69934
69982
70000
70052
70064
70126
70136
70142
70154
70160
70162
70214
70244
70322
70342
70360
70384
70396
70402
70406
70420
70450
70492
70496
70522
70550
70574
70576
70640
70684
70780
70816
70826
70882
70996
71000
71024
71044
71150
71222
71252
71276
71312
71330
71384
71414
71440
71456
71504
71572
71620
71662
71680
71710
71726
71762
71810
71816
71896
71900
71962
71980
72022
72070
72166
72170
72256
72260
72274
72356
72382
72440
72446
72520
72584
72610
72656
72716
72736
72754
72764
72772
72814
72854
72862
72872
72932
72976
72980
72986
73174
73192
73204
73220
73282
73312
73354
73372
73492
73556
73606
73616
73642
73750
73796
73816
73822
73832
73852
73906
73924
74006
74050
74074
74102
74140
74146
74150
74240
74284
74336
74392
74446
74474
74492
74516
74536
74614
74626
74662
74672
74686
74744
74752
74804
74806
74834
74884
74894
74920
74966
74984
75074
75092
75112
75140
75164
75182
75194
75356
75434
75506
75554
75586
75596
75632
75644
75706
75724
75742
75796
75806
75814
75820
75886
75904
75910
75932
75964
76004
76012
76030
76040
76054
76076
76100
76136
76166
76172
76252
76414
76426
76450
76526
76534
76570
76576
76694
76714
76724
76742
76756
76784
76786
76814
76820
76850
76922
76940
76954
77000
77030
77054
77062
77072
77074
77092
77144
77152
77180
77182
77264
77282
77290
77332
77336
77504
77512
77534
77566
77596
77602
77612
77732
77746
77792
77804
77812
77822
77882
77962
77966
77980
78020
78034
78080
78226
78242
78250
78304
78322
78326
78344
78376
78440
78460
78476
78506
78514
78550
78556
78584
78592
78602
78610
78640
78700
78722
78736
78782
78790
78844
78962
78964
78970
78980
78982
79124
79132
79142
79240
79340
79402
79414
79502
79550
79576
79636
79664
79672
79690
79730
79744
79772
79864
79870
79942
80096
80162
80170
80212
80216
80306
80332
80356
80360
80476
80482
80486
80500
80536
80582
80602
80662
80734
80774
80782
80816
80836
80870
80914
80932
80944
80972
81014
81044
81070
81134
81166
81274
81284
81314
81346
81400
81404
81410
81446
81472
81482
81484
81556
81562
81572
81580
81620
81652
81692
81754
81760
81826
81836
81860
81862
81890
81934
81970
81976
82022
82034
82042
82084
82114
82142
82166
82330
82400
82402
82436
82472
82552
82570
82606
82636
82724
82796
82804
82816
82940
82952
83056
83120
83150
83164
83302
83362
83392
83434
83470
83554
83564
83626
83632
83642
83650
83654
83660
83726
83734
83740
83744
83852
83870
83876
83902
83920
83942
83960
83986
84014
84020
84094
84100
84104
84176
84182
84202
84226
84272
84310
84320
84364
84424
84454
84640
84694
84706
84712
84716
84776
84784
84884
84896
84914
84920
84922
84932
84974
84994
85036
85136
85180
85226
85270
85292
85300
85324
85424
85454
85486
85544
85586
85630
85634
85670
85732
85756
85760
85876
85886
85976
86054
86110
86116
86170
86192
86224
86282
86300
86306
86326
86344
86362
86372
86396
86414
86434
86470
86512
86530
86552
86566
86594
86614
86620
86630
86660
86674
86692
86702
86704
86776
86800
86840
86876
86890
86912
86974
86984
87016
87026
87034
87056
87080
87152
87260
87262
87344
87350
87394
87404
87412
87424
87430
87452
87484
87560
87602
87614
87656
87686
87730
87764
87776
87790
87800
87916
87944
88000
88034
88060
88090
88100
88126
88160
88222
88244
88306
88312
88316
88324
88360
88412
88424
88492
88514
88522
88540
88556
88582
88592
88610
88640
88654
88664
88700
88772
88852
88900
88934
88936
88970
88972
89032
89044
89050
89054
89096
89116
89132
89186
89234
89252
89314
89446
89450
89456
89492
89522
89602
89684
89744
89770
89780
89792
89816
89900
89924
89932
89980
89990
90122
90130
90212
90220
90284
90286
90292
90314
90386
90482
90562
90646
90682
90692
90760
90824
90890
90950
90976
91106
91112
91132
91186
91222
91232
91382
91384
91426
91430
91436
91444
91484
91606
91664
91696
91762
91772
91786
91790
91816
91822
91852
91870
91904
91912
91916
91940
91970
92020
92060
92074
92110
92120
92164
92182
92236
92254
92300
92354
92410
92434
92462
92464
92534
92536
92554
92572
92596
92642
92650
92690
92726
92732
92752
92770
92804
92806
92830
93004
93122
93146
93164
93166
93320
93326
93346
93370
93400
93410
93436
93460
93524
93554
93604
93626
93730
93766
93784
93824
93902
93956
93974
94072
94112
94156
94162
94166
94256
94264
94274
94282
94300
94334
94342
94370
94382
94414
94424
94462
94496
94544
94616
94634
94640
94660
94694
94730
94756
94784
94796
94802
94892
94894
94940
94954
94972
94994
95012
95036
95074
95080
95084
95254
95314
95324
95344
95350
95360
95380
95396
95426
95480
95512
95566
95584
95630
95710
95722
95732
95804
95836
95840
95864
95920
96002
96010
96016
96052
96070
96106
96164
96224
96226
96296
96316
96460
96476
96494
96502
96542
96596
96602
96614
96640
96646
96656
96712
96746
96844
96854
96856
96862
96952
96970
97042
97082
97154
97172
97190
97216
97316
97376
97406
97520
97532
97546
97550
97604
97640
97702
97754
97762
97772
97784
97820
97844
97882
97952
97954
97970
97972
98006
98032
98104
98114
98116
98122
98126
98216
98294
98320
98356
98402
98414
98482
98522
98564
98566
98612
98636
98720
98810
98834
98854
98896
98990
98996
99032
99034
99044
99050
99122
99152
99166
99176
99206
99224
99250
99274
99304
99374
99382
99386
99430
99436
99464
99484
99490
99500
99512
99610
99644
99656
99700
99710
99716
99742
99772
99790
99842
99844
99886
99890
99904
99922
99926
100016
100030
100040
100094
100112
100166
100204
100264
100286
100340
100402
100426
100462
100472
100544
100600
100696
100714
100744
100750
100760
100844
100880
100916
100924
100934
100940
100942
100952
101012
101024
101086
101102
101122
101150
101156
101174
101204
101210
101212
101276
101312
101330
101354
101426
101464
101506
101636
101660
101672
101686
101776
101780
101840
101884
101894
101932
101966
101992
102002
102122
102154
102194
102284
102334
102346
102352
102400
102406
102416
102434
102442
102464
102470
102524
102526
102550
102562
102572
102614
102640
102680
102704
102724
102734
102760
102802
102832
102892
102914
102994
103012
103076
103102
103120
103154
103256
103270
103316
103334
103342
103406
103426
103472
103496
103532
103552
103630
103676
103724
103732
103774
103784
103802
103936
103954
104044
104110
104144
104156
104182
104224
104234
104254
104336
104422
104504
104524
104584
104774
104794
104812
104836
104872
104902
104912
105002
105044
105092
105106
105136
105146
105304
105334
105344
105370
105422
105424
105430
105476
105512
105514
105524
105620
105632
105694
105704
105772
105836
105892
105970
106036
106052
106090
106106
106126
106132
106190
106214
106270
106294
106316
106322
106324
106352
106366
106376
106394
106396
106412
106442
106474
106502
106522
106574
106610
106612
106640
106676
106694
106702
106744
106754
106784
106792
106820
106864
106874
106880
106910
106954
106996
107014
107050
107062
107072
107114
107134
107230
107252
107260
107270
107276
107356
107366
107392
107410
107432
107450
107474
107482
107486
107512
107522
107576
107590
107620
107720
107734
107744
107762
107764
107806
107852
107864
107900
107932
107960
107996
108080
108094
108124
108224
108250
108284
108302
108476
108554
108590
108626
108646
108692
108700
108706
108770
108800
108824
108836
108844
108886
108890
108896
108940
108944
108952
109006
109012
109084
109130
109160
109214
109246
109286
109304
109336
109346
109462
109510
109580
109652
109732
109736
109762
109796
109922
109930
109984
110060
110074
110084
110092
110110
110140
110176
110240
110284
110302
110336
110372
110464
110474
110492
110500
110516
110524
110552
110590
110716
110770
110786
110822
110830
110840
110884
110896
110914
110932
111022
111212
111220
111230
111272
111316
111320
111362
111374
111424
111452
111454
111506
111526
111586
111604
111616
111632
111644
111662
111734
111806
111832
111850
111896
111974
112012
112036
112072
112084
112112
112234
112352
112370
112432
112442
112486
112570
112580
112640
112696
112766
112864
112954
112990
113002
113036
113144
113162
113180
113234
113260
113296
113300
113360
113362
113404
113416
113422
113432
113452
113470
113506
113530
113542
113584
113594
113606
113620
113650
113674
113702
113714
113722
113804
113840
113890
113900
113926
113992
114044
114134
114146
114160
114170
114190
114224
114226
114244
114254
114340
114386
114442
114506
114532
114550
114620
114674
114694
114746
114790
114844
114856
114862
114874
114934
114956
114962
114974
115042
115100
115114
115142
115196
115322
115330
115334
115366
115376
115394
115396
115406
115414
115430
115432
115442
115450
115576
115586
115594
115604
115612
115636
115730
115780
115784
115802
115856
116024
116026
116032
116044
116114
116116
116176
116194
116204
116384
116404
116422
116456
116464
116500
116512
116590
116594
116672
116674
116690
116726
116744
116756
116836
116864
116870
116872
116954
116962
116980
117014
117026
117044
117080
117094
117140
117170
117176
117184
117224
117250
117284
117322
117376
117382
117400
117404
117476
117484
117512
117544
117566
117610
117634
117644
117664
117734
117752
117764
117782
117886
117952
118016
118030
118042
118084
118096
118102
118160
118184
118214
118364
118390
118474
118510
118526
118546
118570
118600
118652
118672
118690
118696
118772
118796
118832
118922
118930
118940
119002
119006
119030
119092
119174
119176
119194
119204
119282
119326
119344
119354
119356
119444
119506
119510
119524
119546
119552
119572
119590
119636
119642
119654
119660
119690
119714
119776
119786
119840
119860
119896
119932
119984
170576*28^n-143
60091
60111
60119
60127
60175
60183
60191
60219
60263
60303
60487
60615
60655
60699
60735
60859
60907
60975
61019
61099
61115
61207
61259
61271
61303
61327
61335
61371
61415
61439
61511
61519
61547
61579
61723
61739
61775
61803
61839
61851
61871
61915
61919
61963
62031
62087
62143
62171
62175
62267
62359
62383
62459
62551
62559
62779
62807
62895
62991
63035
63067
63111
63127
63131
63163
63175
63199
63255
63279
63319
63391
63419
63431
63451
63495
63499
63535
63563
63639
63655
63711
63727
63799
63823
63887
63903
63963
63967
63979
63991
64159
64231
64263
64303
64359
64399
64507
64539
64555
64567
64571
64575
64583
64663
64715
64823
64839
64855
64859
64903
64967
64971
64987
64999
65111
65131
65167
65215
65231
65255
65271
65343
65383
65419
65503
65519
65579
65615
65659
65691
65799
65851
65883
65903
65919
66015
66023
66031
66055
66091
66159
66223
66235
66247
66263
66351
66367
66375
66411
66487
66519
66551
66663
66667
66703
66727
66811
66823
66847
66983
66999
67035
67087
67099
67127
67159
67207
67239
67291
67351
67375
67423
67435
67455
67495
67599
67687
67719
67759
67775
67855
67863
67867
67879
67895
67915
67927
67951
67999
68031
68047
68071
68175
68183
68207
68295
68299
68331
68359
68383
68423
68443
68491
68511
68527
68567
68719
68743
68839
68863
68887
68927
68971
68975
69019
69035
69071
69079
69115
69159
69195
69199
69399
69435
69483
69503
69543
69695
69727
69787
69803
69871
69883
69895
69919
69967
70007
70023
70063
70095
70155
70183
70191
70199
70207
70223
70267
70295
70299
70367
70375
70379
70423
70447
70583
70639
70655
70731
70743
70779
70795
70855
71023
71071
71095
71119
71271
71339
71343
71383
71423
71431
71467
71483
71515
71519
71535
71647
71675
71695
71703
71707
71711
71771
71791
71887
71919
71951
71963
71991
71999
72095
72203
72271
72399
72475
72539
72543
72571
72583
72631
72667
72703
72743
72783
72795
72831
72887
72907
72939
72943
72959
73039
73051
73195
73223
73319
73323
73327
73335
73447
73463
73531
73579
73591
73627
73719
73863
73867
73879
73903
74075
74079
74111
74151
74155
74219
74239
74251
74407
74455
74471
74491
74519
74539
74623
74635
74647
74655
74719
74731
74735
74759
74767
74827
74879
74887
74939
74983
74991
75019
75243
75263
75355
75383
75439
75463
75479
75483
75547
75591
75691
75751
75835
75943
75963
75979
75999
76055
76103
76139
76255
76343
76391
76411
76455
76471
76575
76603
76663
76683
76759
76779
76847
76895
76903
76919
76927
76935
76971
77023
77035
77119
77135
77151
77243
77263
77279
77311
77323
77403
77407
77511
77515
77531
77543
77579
77691
77695
77707
77723
77835
77855
77931
77947
77995
78071
78079
78091
78103
78111
78151
78231
78251
78283
78303
78319
78335
78343
78375
78379
78415
78511
78543
78551
78591
78619
78631
78647
78651
78763
78879
78911
78935
78943
78951
78967
78991
79079
79087
79111
79115
79259
79275
79339
79343
79375
79403
79419
79627
79659
79663
79703
79807
79831
79835
79883
79963
79975
80059
80087
80167
80235
80267
80271
80279
80303
80311
80315
80347
80351
80359
80455
80503
80527
80719
80935
80987
81023
81031
81063
81135
81151
81295
81419
81451
81463
81543
81575
81579
81607
81643
81711
81739
81755
81787
81819
81871
81903
81995
81999
82043
82075
82159
82247
82267
82331
82503
82571
82575
82603
82615
82623
82651
82695
82711
82859
82863
82879
82895
82975
83035
83051
83071
83079
83083
83151
83195
83291
83323
83327
83339
83359
83399
83403
83407
83435
83479
83663
83671
83735
83863
83959
83979
83983
84015
84119
84155
84159
84191
84283
84315
84379
84407
84411
84415
84423
84427
84487
84623
84639
84655
84663
84715
84735
84779
84799
84815
84967
84983
84999
85023
85031
85055
85095
85147
85163
85327
85383
85503
85563
85579
85631
85639
85679
85719
85759
85847
85903
85975
85991
86071
86167
86215
86219
86251
86391
86399
86439
86471
86479
86495
86511
86639
86679
86695
86779
86823
86863
86923
87015
87031
87051
87067
87175
87179
87195
87199
87259
87287
87303
87323
87375
87391
87435
87479
87515
87519
87559
87579
87591
87595
87703
87719
87751
87759
87771
87831
87871
88007
88027
88043
88059
88063
88123
88159
88263
88315
88343
88367
88495
88619
88663
88687
88735
88763
88799
88991
89279
89303
89335
89371
89383
89407
89455
89495
89499
89551
89627
89639
89703
89839
89851
89863
89911
89915
89963
90055
90199
90219
90279
90347
90351
90359
90383
90395
90463
90491
90535
90559
90575
90603
90639
90683
90711
90715
90727
90859
90895
90955
90971
90999
91039
91111
91135
91151
91179
91231
91291
91319
91387
91391
91447
91483
91543
91551
91607
91627
91643
91659
91695
91751
91807
91819
91835
91871
91927
91951
91963
91967
92015
92055
92107
92143
92151
92155
92287
92375
92379
92415
92431
92491
92507
92599
92655
92683
92731
92779
92815
92831
92843
92863
92903
92943
92955
92975
92991
93095
93199
93243
93271
93279
93303
93403
93423
93463
93479
93499
93547
93563
93643
93663
93703
93711
93739
93771
93799
93815
93895
93911
93959
94139
94215
94283
94363
94411
94423
94447
94523
94535
94567
94651
94671
94699
94747
94759
94775
94843
94863
94919
94971
95031
95063
95099
95103
95183
95323
95399
95407
95455
95471
95495
95583
95623
95643
95655
95719
95895
95999
96079
96151
96191
96247
96263
96295
96395
96415
96427
96463
96511
96523
96631
96647
96727
96791
96903
96907
96991
97111
97135
97151
97163
97239
97243
97339
97387
97415
97435
97531
97579
97691
97703
97735
97739
97831
97839
97883
97911
97951
97959
97995
98015
98119
98263
98271
98279
98287
98347
98375
98395
98407
98411
98415
98443
98447
98715
98767
98783
98807
98839
98879
99019
99023
99067
99095
99115
99167
99243
99311
99343
99351
99531
99535
99719
99819
99847
99883
99943
99959
99995
100135
100151
100207
100247
100255
100279
100283
100299
100303
100351
100391
100411
100507
100511
100539
100583
100603
100615
100655
100683
100751
100783
100943
100951
101023
101083
101111
101115
101159
101199
101255
101271
101311
101335
101339
101343
101359
101403
101435
101515
101551
101563
101663
101735
101755
101867
101871
101947
102011
102047
102103
102203
102223
102367
102379
102407
102475
102479
102491
102495
102623
102639
102655
102663
102679
102715
102743
102799
102811
102871
102967
103015
103039
103099
103159
103195
103215
103239
103323
103447
103451
103535
103567
103575
103663
103679
103751
103783
103819
103831
103851
103883
103895
103919
104027
104047
104063
104107
104139
104175
104219
104283
104299
104315
104439
104503
104527
104575
104639
104679
104747
104827
104875
104887
104923
104943
105035
105039
105083
105151
105263
105303
105307
105359
105511
105515
105799
105803
105831
105839
105931
105951
105967
105975
106011
106059
106063
106091
106151
106171
106295
106375
106399
106459
106491
106507
106523
106543
106591
106603
106635
106663
106671
106779
106911
106923
106939
106955
106999
107071
107087
107195
107227
107243
107319
107351
107447
107467
107515
107527
107595
107695
107719
107735
107743
107783
107803
107807
107895
107899
107983
108023
108039
108063
108139
108187
108383
108495
108503
108523
108583
108607
108651
108831
108871
108903
108907
108943
108955
109039
109143
109175
109211
109231
109327
109355
109439
109519
109583
109591
109615
109627
109655
109695
109759
109771
109823
109839
109867
109979
110023
110047
110255
110383
110399
110411
110415
110431
110507
110511
110543
110551
110583
110619
110719
110779
110911
111047
111115
111195
111199
111223
111239
111275
111339
111343
111367
111391
111407
111483
111515
111675
111679
111839
111851
111871
111911
111983
111995
112015
112031
112087
112103
112139
112171
112175
112219
112251
112255
112383
112399
112423
112539
112567
112571
112683
112687
112751
112891
112927
113063
113079
113151
113179
113183
113259
113263
113275
113287
113351
113355
113359
113399
113423
113463
113495
113499
113531
113579
113583
113615
113655
113695
113707
113791
113799
113819
113887
113895
113899
113927
113959
113979
114103
114107
114123
114187
114223
114287
114399
114443
114503
114559
114583
114655
114683
114719
114727
114759
114811
114859
114863
114875
114911
114975
114991
115039
115111
115239
115279
115327
115343
115367
115371
115399
115423
115455
115547
115595
115615
115639
115691
115743
115799
115867
115871
115879
115911
115919
115927
115995
116031
116055
116071
116091
116095
116175
116303
116311
116335
116347
116379
116383
116539
116555
116599
116623
116679
116711
116715
116791
116827
116875
116895
116935
116987
117143
117183
117243
117275
117307
117355
117415
117419
117423
117439
117455
117463
117471
117495
117503
117643
117719
117743
117791
117823
117919
117943
118027
118071
118151
118155
118159
118171
118191
118247
118263
118283
118295
118319
118351
118475
118535
118539
118607
118623
118679
118695
118699
118715
118735
118831
118895
118903
118935
118939
118943
118951
118967
119003
119023
119083
119119
119143
119231
119263
119311
119339
119403
119419
119435
119479
119599
119647
119687
119735
119739
119759
119799
119815
119899
119947
119995
