pmin=29
106*23^n-7
60005
60021
60029
60041
60053
60069
60077
60089
60093
60105
60125
60137
60141
60149
60165
60173
60185
60197
60201
60213
60221
60237
60245
60249
60269
60281
60285
60293
60309
60317
60329
60341
60345
60357
60377
60381
60389
60393
60413
60425
60429
60437
60461
60473
60485
60489
60501
60509
60521
60525
60533
60537
60557
60569
60573
60581
60597
60605
60617
60633
60645
60653
60665
60669
60677
60681
60701
60713
60725
60741
60749
60773
60777
60789
60797
60809
60813
60821
60825
60845
60857
60861
60869
60885
60905
60917
60921
60933
60941
60953
60957
60965
60969
60989
61001
61005
61013
61029
61037
61049
61061
61065
61077
61085
61097
61101
61109
61133
61145
61149
61173
61181
61193
61205
61209
61221
61229
61241
61253
61257
61277
61293
61301
61317
61325
61337
61349
61353
61365
61373
61385
61389
61397
61401
61433
61437
61445
61461
61469
61481
61493
61497
61517
61529
61533
61541
61545
61565
61577
61581
61589
61605
61613
61625
61637
61653
61661
61673
61677
61689
61709
61721
61725
61733
61749
61757
61769
61781
61785
61797
61805
61821
61829
61833
61853
61865
61869
61877
61893
61901
61913
61925
61929
61941
61961
61965
61973
61977
61997
62009
62013
62021
62045
62057
62069
62073
62085
62093
62105
62109
62117
62121
62141
62153
62157
62165
62181
62189
62201
62217
62229
62237
62249
62253
62261
62265
62285
62297
62309
62325
62333
62357
62361
62373
62381
62393
62397
62405
62409
62429
62441
62445
62453
62469
62489
62501
62505
62517
62525
62537
62541
62549
62553
62573
62585
62589
62597
62613
62621
62633
62645
62649
62661
62669
62681
62685
62693
62717
62729
62733
62757
62765
62777
62789
62793
62805
62813
62825
62837
62841
62861
62877
62885
62901
62909
62921
62933
62937
62949
62957
62969
62973
62981
62985
63017
63021
63029
63045
63053
63065
63077
63081
63101
63113
63117
63125
63129
63149
63161
63165
63173
63189
63197
63209
63221
63237
63245
63257
63261
63273
63293
63305
63309
63317
63333
63341
63353
63365
63369
63381
63389
63405
63413
63417
63437
63449
63453
63461
63477
63485
63497
63509
63513
63525
63545
63549
63557
63561
63581
63593
63597
63605
63629
63641
63653
63657
63669
63677
63689
63693
63701
63705
63725
63737
63741
63749
63765
63773
63785
63801
63813
63821
63833
63837
63845
63849
63869
63881
63893
63909
63917
63941
63945
63957
63965
63977
63981
63989
63993
64013
64025
64029
64037
64053
64073
64085
64089
64101
64109
64121
64125
64133
64137
64157
64169
64173
64181
64197
64205
64217
64229
64233
64245
64253
64265
64269
64277
64301
64313
64317
64341
64349
64361
64373
64377
64389
64397
64409
64421
64425
64445
64461
64469
64485
64493
64505
64517
64521
64533
64541
64553
64557
64565
64569
64601
64605
64613
64629
64637
64649
64661
64665
64685
64697
64701
64709
64713
64733
64745
64749
64757
64773
64781
64793
64805
64821
64829
64841
64845
64857
64877
64889
64893
64901
64917
64925
64937
64949
64953
64965
64973
64989
64997
65001
65021
65033
65037
65045
65061
65069
65081
65093
65097
65109
65129
65133
65141
65145
65165
65177
65181
65189
65213
65225
65237
65241
65253
65261
65273
65277
65285
65289
65309
65321
65325
65333
65349
65357
65369
65385
65397
65405
65417
65421
65429
65433
65453
65465
65477
65493
65501
65525
65529
65541
65549
65561
65565
65573
65577
65597
65609
65613
65621
65637
65657
65669
65673
65685
65693
65705
65709
65717
65721
65741
65753
65757
65765
65781
65789
65801
65813
65817
65829
65837
65849
65853
65861
65885
65897
65901
65925
65933
65945
65957
65961
65973
65981
65993
66005
66009
66029
66045
66053
66069
66077
66089
66101
66105
66117
66125
66137
66141
66149
66153
66185
66189
66197
66213
66221
66233
66245
66249
66269
66281
66285
66293
66297
66317
66329
66333
66341
66357
66365
66377
66389
66405
66413
66425
66429
66441
66461
66473
66477
66485
66501
66509
66521
66533
66537
66549
66557
66573
66581
66585
66605
66617
66621
66629
66645
66653
66665
66677
66681
66693
66713
66717
66725
66729
66749
66761
66765
66773
66797
66809
66821
66825
66837
66845
66857
66861
66869
66873
66893
66905
66909
66917
66933
66941
66953
66969
66981
66989
67001
67005
67013
67017
67037
67049
67061
67077
67085
67109
67113
67125
67133
67145
67149
67157
67161
67181
67193
67197
67205
67221
67241
67253
67257
67269
67277
67289
67293
67301
67305
67325
67337
67341
67349
67365
67373
67385
67397
67401
67413
67421
67433
67437
67445
67469
67481
67485
67509
67517
67529
67541
67545
67557
67565
67577
67589
67593
67613
67629
67637
67653
67661
67673
67685
67689
67701
67709
67721
67725
67733
67737
67769
67773
67781
67797
67805
67817
67829
67833
67853
67865
67869
67877
67881
67901
67913
67917
67925
67941
67949
67961
67973
67989
67997
68009
68013
68025
68045
68057
68061
68069
68085
68093
68105
68117
68121
68133
68141
68157
68165
68169
68189
68201
68205
68213
68229
68237
68249
68261
68265
68277
68297
68301
68309
68313
68333
68345
68349
68357
68381
68393
68405
68409
68421
68429
68441
68445
68453
68457
68477
68489
68493
68501
68517
68525
68537
68553
68565
68573
68585
68589
68597
68601
68621
68633
68645
68661
68669
68693
68697
68709
68717
68729
68733
68741
68745
68765
68777
68781
68789
68805
68825
68837
68841
68853
68861
68873
68877
68885
68889
68909
68921
68925
68933
68949
68957
68969
68981
68985
68997
69005
69017
69021
69029
69053
69065
69069
69093
69101
69113
69125
69129
69141
69149
69161
69173
69177
69197
69213
69221
69237
69245
69257
69269
69273
69285
69293
69305
69309
69317
69321
69353
69357
69365
69381
69389
69401
69413
69417
69437
69449
69453
69461
69465
69485
69497
69501
69509
69525
69533
69545
69557
69573
69581
69593
69597
69609
69629
69641
69645
69653
69669
69677
69689
69701
69705
69717
69725
69741
69749
69753
69773
69785
69789
69797
69813
69821
69833
69845
69849
69861
69881
69885
69893
69897
69917
69929
69933
69941
69965
69977
69989
69993
70005
70013
70025
70029
70037
70041
70061
70073
70077
70085
70101
70109
70121
70137
70149
70157
70169
70173
70181
70185
70205
70217
70229
70245
70253
70277
70281
70293
70301
70313
70317
70325
70329
70349
70361
70365
70373
70389
70409
70421
70425
70437
70445
70457
70461
70469
70473
70493
70505
70509
70517
70533
70541
70553
70565
70569
70581
70589
70601
70605
70613
70637
70649
70653
70677
70685
70697
70709
70713
70725
70733
70745
70757
70761
70781
70797
70805
70821
70829
70841
70853
70857
70869
70877
70889
70893
70901
70905
70937
70941
70949
70965
70973
70985
70997
71001
71021
71033
71037
71045
71049
71069
71081
71085
71093
71109
71117
71129
71141
71157
71165
71177
71181
71193
71213
71225
71229
71237
71253
71261
71273
71285
71289
71301
71309
71325
71333
71337
71357
71369
71373
71381
71397
71405
71417
71429
71433
71445
71465
71469
71477
71481
71501
71513
71517
71525
71549
71561
71573
71577
71589
71597
71609
71613
71621
71625
71645
71657
71661
71669
71685
71693
71705
71721
71733
71741
71753
71757
71765
71769
71789
71801
71813
71829
71837
71861
71865
71877
71885
71897
71901
71909
71913
71933
71945
71949
71957
71973
71993
72005
72009
72021
72029
72041
72045
72053
72057
72077
72089
72093
72101
72117
72125
72137
72149
72153
72165
72173
72185
72189
72197
72221
72233
72237
72261
72269
72281
72293
72297
72309
72317
72329
72341
72345
72365
72381
72389
72405
72413
72425
72437
72441
72453
72461
72473
72477
72485
72489
72521
72525
72533
72549
72557
72569
72581
72585
72605
72617
72621
72629
72633
72653
72665
72669
72677
72693
72701
72713
72725
72741
72749
72761
72765
72777
72797
72809
72813
72821
72837
72845
72857
72869
72873
72885
72893
72909
72917
72921
72941
72953
72957
72965
72981
72989
73001
73013
73017
73029
73049
73053
73061
73065
73085
73097
73101
73109
73133
73145
73157
73161
73173
73181
73193
73197
73205
73209
73229
73241
73245
73253
73269
73277
73289
73305
73317
73325
73337
73341
73349
73353
73373
73385
73397
73413
73421
73445
73449
73461
73469
73481
73485
73493
73497
73517
73529
73533
73541
73557
73577
73589
73593
73605
73613
73625
73629
73637
73641
73661
73673
73677
73685
73701
73709
73721
73733
73737
73749
73757
73769
73773
73781
73805
73817
73821
73845
73853
73865
73877
73881
73893
73901
73913
73925
73929
73949
73965
73973
73989
73997
74009
74021
74025
74037
74045
74057
74061
74069
74073
74105
74109
74117
74133
74141
74153
74165
74169
74189
74201
74205
74213
74217
74237
74249
74253
74261
74277
74285
74297
74309
74325
74333
74345
74349
74361
74381
74393
74397
74405
74421
74429
74441
74453
74457
74469
74477
74493
74501
74505
74525
74537
74541
74549
74565
74573
74585
74597
74601
74613
74633
74637
74645
74649
74669
74681
74685
74693
74717
74729
74741
74745
74757
74765
74777
74781
74789
74793
74813
74825
74829
74837
74853
74861
74873
74889
74901
74909
74921
74925
74933
74937
74957
74969
74981
74997
75005
75029
75033
75045
75053
75065
75069
75077
75081
75101
75113
75117
75125
75141
75161
75173
75177
75189
75197
75209
75213
75221
75225
75245
75257
75261
75269
75285
75293
75305
75317
75321
75333
75341
75353
75357
75365
75389
75401
75405
75429
75437
75449
75461
75465
75477
75485
75497
75509
75513
75533
75549
75557
75573
75581
75593
75605
75609
75621
75629
75641
75645
75653
75657
75689
75693
75701
75717
75725
75737
75749
75753
75773
75785
75789
75797
75801
75821
75833
75837
75845
75861
75869
75881
75893
75909
75917
75929
75933
75945
75965
75977
75981
75989
76005
76013
76025
76037
76041
76053
76061
76077
76085
76089
76109
76121
76125
76133
76149
76157
76169
76181
76185
76197
76217
76221
76229
76233
76253
76265
76269
76277
76301
76313
76325
76329
76341
76349
76361
76365
76373
76377
76397
76409
76413
76421
76437
76445
76457
76473
76485
76493
76505
76509
76517
76521
76541
76553
76565
76581
76589
76613
76617
76629
76637
76649
76653
76661
76665
76685
76697
76701
76709
76725
76745
76757
76761
76773
76781
76793
76797
76805
76809
76829
76841
76845
76853
76869
76877
76889
76901
76905
76917
76925
76937
76941
76949
76973
76985
76989
77013
77021
77033
77045
77049
77061
77069
77081
77093
77097
77117
77133
77141
77157
77165
77177
77189
77193
77205
77213
77225
77229
77237
77241
77273
77277
77285
77301
77309
77321
77333
77337
77357
77369
77373
77381
77385
77405
77417
77421
77429
77445
77453
77465
77477
77493
77501
77513
77517
77529
77549
77561
77565
77573
77589
77597
77609
77621
77625
77637
77645
77661
77669
77673
77693
77705
77709
77717
77733
77741
77753
77765
77769
77781
77801
77805
77813
77817
77837
77849
77853
77861
77885
77897
77909
77913
77925
77933
77945
77949
77957
77961
77981
77993
77997
78005
78021
78029
78041
78057
78069
78077
78089
78093
78101
78105
78125
78137
78149
78165
78173
78197
78201
78213
78221
78233
78237
78245
78249
78269
78281
78285
78293
78309
78329
78341
78345
78357
78365
78377
78381
78389
78393
78413
78425
78429
78437
78453
78461
78473
78485
78489
78501
78509
78521
78525
78533
78557
78569
78573
78597
78605
78617
78629
78633
78645
78653
78665
78677
78681
78701
78717
78725
78741
78749
78761
78773
78777
78789
78797
78809
78813
78821
78825
78857
78861
78869
78885
78893
78905
78917
78921
78941
78953
78957
78965
78969
78989
79001
79005
79013
79029
79037
79049
79061
79077
79085
79097
79101
79113
79133
79145
79149
79157
79173
79181
79193
79205
79209
79221
79229
79245
79253
79257
79277
79289
79293
79301
79317
79325
79337
79349
79353
79365
79385
79389
79397
79401
79421
79433
79437
79445
79469
79481
79493
79497
79509
79517
79529
79533
79541
79545
79565
79577
79581
79589
79605
79613
79625
79641
79653
79661
79673
79677
79685
79689
79709
79721
79733
79749
79757
79781
79785
79797
79805
79817
79821
79829
79833
79853
79865
79869
79877
79893
79913
79925
79929
79941
79949
79961
79965
79973
79977
79997
80009
80013
80021
80037
80045
80057
80069
80073
80085
80093
80105
80109
80117
80141
80153
80157
80181
80189
80201
80213
80217
80229
80237
80249
80261
80265
80285
80301
80309
80325
80333
80345
80357
80361
80373
80381
80393
80397
80405
80409
80441
80445
80453
80469
80477
80489
80501
80505
80525
80537
80541
80549
80553
80573
80585
80589
80597
80613
80621
80633
80645
80661
80669
80681
80685
80697
80717
80729
80733
80741
80757
80765
80777
80789
80793
80805
80813
80829
80837
80841
80861
80873
80877
80885
80901
80909
80921
80933
80937
80949
80969
80973
80981
80985
81005
81017
81021
81029
81053
81065
81077
81081
81093
81101
81113
81117
81125
81129
81149
81161
81165
81173
81189
81197
81209
81225
81237
81245
81257
81261
81269
81273
81293
81305
81317
81333
81341
81365
81369
81381
81389
81401
81405
81413
81417
81437
81449
81453
81461
81477
81497
81509
81513
81525
81533
81545
81549
81557
81561
81581
81593
81597
81605
81621
81629
81641
81653
81657
81669
81677
81689
81693
81701
81725
81737
81741
81765
81773
81785
81797
81801
81813
81821
81833
81845
81849
81869
81885
81893
81909
81917
81929
81941
81945
81957
81965
81977
81981
81989
81993
82025
82029
82037
82053
82061
82073
82085
82089
82109
82121
82125
82133
82137
82157
82169
82173
82181
82197
82205
82217
82229
82245
82253
82265
82269
82281
82301
82313
82317
82325
82341
82349
82361
82373
82377
82389
82397
82413
82421
82425
82445
82457
82461
82469
82485
82493
82505
82517
82521
82533
82553
82557
82565
82569
82589
82601
82605
82613
82637
82649
82661
82665
82677
82685
82697
82701
82709
82713
82733
82745
82749
82757
82773
82781
82793
82809
82821
82829
82841
82845
82853
82857
82877
82889
82901
82917
82925
82949
82953
82965
82973
82985
82989
82997
83001
83021
83033
83037
83045
83061
83081
83093
83097
83109
83117
83129
83133
83141
83145
83165
83177
83181
83189
83205
83213
83225
83237
83241
83253
83261
83273
83277
83285
83309
83321
83325
83349
83357
83369
83381
83385
83397
83405
83417
83429
83433
83453
83469
83477
83493
83501
83513
83525
83529
83541
83549
83561
83565
83573
83577
83609
83613
83621
83637
83645
83657
83669
83673
83693
83705
83709
83717
83721
83741
83753
83757
83765
83781
83789
83801
83813
83829
83837
83849
83853
83865
83885
83897
83901
83909
83925
83933
83945
83957
83961
83973
83981
83997
84005
84009
84029
84041
84045
84053
84069
84077
84089
84101
84105
84117
84137
84141
84149
84153
84173
84185
84189
84197
84221
84233
84245
84249
84261
84269
84281
84285
84293
84297
84317
84329
84333
84341
84357
84365
84377
84393
84405
84413
84425
84429
84437
84441
84461
84473
84485
84501
84509
84533
84537
84549
84557
84569
84573
84581
84585
84605
84617
84621
84629
84645
84665
84677
84681
84693
84701
84713
84717
84725
84729
84749
84761
84765
84773
84789
84797
84809
84821
84825
84837
84845
84857
84861
84869
84893
84905
84909
84933
84941
84953
84965
84969
84981
84989
85001
85013
85017
85037
85053
85061
85077
85085
85097
85109
85113
85125
85133
85145
85149
85157
85161
85193
85197
85205
85221
85229
85241
85253
85257
85277
85289
85293
85301
85305
85325
85337
85341
85349
85365
85373
85385
85397
85413
85421
85433
85437
85449
85469
85481
85485
85493
85509
85517
85529
85541
85545
85557
85565
85581
85589
85593
85613
85625
85629
85637
85653
85661
85673
85685
85689
85701
85721
85725
85733
85737
85757
85769
85773
85781
85805
85817
85829
85833
85845
85853
85865
85869
85877
85881
85901
85913
85917
85925
85941
85949
85961
85977
85989
85997
86009
86013
86021
86025
86045
86057
86069
86085
86093
86117
86121
86133
86141
86153
86157
86165
86169
86189
86201
86205
86213
86229
86249
86261
86265
86277
86285
86297
86301
86309
86313
86333
86345
86349
86357
86373
86381
86393
86405
86409
86421
86429
86441
86445
86453
86477
86489
86493
86517
86525
86537
86549
86553
86565
86573
86585
86597
86601
86621
86637
86645
86661
86669
86681
86693
86697
86709
86717
86729
86733
86741
86745
86777
86781
86789
86805
86813
86825
86837
86841
86861
86873
86877
86885
86889
86909
86921
86925
86933
86949
86957
86969
86981
86997
87005
87017
87021
87033
87053
87065
87069
87077
87093
87101
87113
87125
87129
87141
87149
87165
87173
87177
87197
87209
87213
87221
87237
87245
87257
87269
87273
87285
87305
87309
87317
87321
87341
87353
87357
87365
87389
87401
87413
87417
87429
87437
87449
87453
87461
87465
87485
87497
87501
87509
87525
87533
87545
87561
87573
87581
87593
87597
87605
87609
87629
87641
87653
87669
87677
87701
87705
87717
87725
87737
87741
87749
87753
87773
87785
87789
87797
87813
87833
87845
87849
87861
87869
87881
87885
87893
87897
87917
87929
87933
87941
87957
87965
87977
87989
87993
88005
88013
88025
88029
88037
88061
88073
88077
88101
88109
88121
88133
88137
88149
88157
88169
88181
88185
88205
88221
88229
88245
88253
88265
88277
88281
88293
88301
88313
88317
88325
88329
88361
88365
88373
88389
88397
88409
88421
88425
88445
88457
88461
88469
88473
88493
88505
88509
88517
88533
88541
88553
88565
88581
88589
88601
88605
88617
88637
88649
88653
88661
88677
88685
88697
88709
88713
88725
88733
88749
88757
88761
88781
88793
88797
88805
88821
88829
88841
88853
88857
88869
88889
88893
88901
88905
88925
88937
88941
88949
88973
88985
88997
89001
89013
89021
89033
89037
89045
89049
89069
89081
89085
89093
89109
89117
89129
89145
89157
89165
89177
89181
89189
89193
89213
89225
89237
89253
89261
89285
89289
89301
89309
89321
89325
89333
89337
89357
89369
89373
89381
89397
89417
89429
89433
89445
89453
89465
89469
89477
89481
89501
89513
89517
89525
89541
89549
89561
89573
89577
89589
89597
89609
89613
89621
89645
89657
89661
89685
89693
89705
89717
89721
89733
89741
89753
89765
89769
89789
89805
89813
89829
89837
89849
89861
89865
89877
89885
89897
89901
89909
89913
89945
89949
89957
89973
89981
89993
90005
90009
90029
90041
90045
90053
90057
90077
90089
90093
90101
90117
90125
90137
90149
90165
90173
90185
90189
90201
90221
90233
90237
90245
90261
90269
90281
90293
90297
90309
90317
90333
90341
90345
90365
90377
90381
90389
90405
90413
90425
90437
90441
90453
90473
90477
90485
90489
90509
90521
90525
90533
90557
90569
90581
90585
90597
90605
90617
90621
90629
90633
90653
90665
90669
90677
90693
90701
90713
90729
90741
90749
90761
90765
90773
90777
90797
90809
90821
90837
90845
90869
90873
90885
90893
90905
90909
90917
90921
90941
90953
90957
90965
90981
91001
91013
91017
91029
91037
91049
91053
91061
91065
91085
91097
91101
91109
91125
91133
91145
91157
91161
91173
91181
91193
91197
91205
91229
91241
91245
91269
91277
91289
91301
91305
91317
91325
91337
91349
91353
91373
91389
91397
91413
91421
91433
91445
91449
91461
91469
91481
91485
91493
91497
91529
91533
91541
91557
91565
91577
91589
91593
91613
91625
91629
91637
91641
91661
91673
91677
91685
91701
91709
91721
91733
91749
91757
91769
91773
91785
91805
91817
91821
91829
91845
91853
91865
91877
91881
91893
91901
91917
91925
91929
91949
91961
91965
91973
91989
91997
92009
92021
92025
92037
92057
92061
92069
92073
92093
92105
92109
92117
92141
92153
92165
92169
92181
92189
92201
92205
92213
92217
92237
92249
92253
92261
92277
92285
92297
92313
92325
92333
92345
92349
92357
92361
92381
92393
92405
92421
92429
92453
92457
92469
92477
92489
92493
92501
92505
92525
92537
92541
92549
92565
92585
92597
92601
92613
92621
92633
92637
92645
92649
92669
92681
92685
92693
92709
92717
92729
92741
92745
92757
92765
92777
92781
92789
92813
92825
92829
92853
92861
92873
92885
92889
92901
92909
92921
92933
92937
92957
92973
92981
92997
93005
93017
93029
93033
93045
93053
93065
93069
93077
93081
93113
93117
93125
93141
93149
93161
93173
93177
93197
93209
93213
93221
93225
93245
93257
93261
93269
93285
93293
93305
93317
93333
93341
93353
93357
93369
93389
93401
93405
93413
93429
93437
93449
93461
93465
93477
93485
93501
93509
93513
93533
93545
93549
93557
93573
93581
93593
93605
93609
93621
93641
93645
93653
93657
93677
93689
93693
93701
93725
93737
93749
93753
93765
93773
93785
93789
93797
93801
93821
93833
93837
93845
93861
93869
93881
93897
93909
93917
93929
93933
93941
93945
93965
93977
93989
94005
94013
94037
94041
94053
94061
94073
94077
94085
94089
94109
94121
94125
94133
94149
94169
94181
94185
94197
94205
94217
94221
94229
94233
94253
94265
94269
94277
94293
94301
94313
94325
94329
94341
94349
94361
94365
94373
94397
94409
94413
94437
94445
94457
94469
94473
94485
94493
94505
94517
94521
94541
94557
94565
94581
94589
94601
94613
94617
94629
94637
94649
94653
94661
94665
94697
94701
94709
94725
94733
94745
94757
94761
94781
94793
94797
94805
94809
94829
94841
94845
94853
94869
94877
94889
94901
94917
94925
94937
94941
94953
94973
94985
94989
94997
95013
95021
95033
95045
95049
95061
95069
95085
95093
95097
95117
95129
95133
95141
95157
95165
95177
95189
95193
95205
95225
95229
95237
95241
95261
95273
95277
95285
95309
95321
95333
95337
95349
95357
95369
95373
95381
95385
95405
95417
95421
95429
95445
95453
95465
95481
95493
95501
95513
95517
95525
95529
95549
95561
95573
95589
95597
95621
95625
95637
95645
95657
95661
95669
95673
95693
95705
95709
95717
95733
95753
95765
95769
95781
95789
95801
95805
95813
95817
95837
95849
95853
95861
95877
95885
95897
95909
95913
95925
95933
95945
95949
95957
95981
95993
95997
96021
96029
96041
96053
96057
96069
96077
96089
96101
96105
96125
96141
96149
96165
96173
96185
96197
96201
96213
96221
96233
96237
96245
96249
96281
96285
96293
96309
96317
96329
96341
96345
96365
96377
96381
96389
96393
96413
96425
96429
96437
96453
96461
96473
96485
96501
96509
96521
96525
96537
96557
96569
96573
96581
96597
96605
96617
96629
96633
96645
96653
96669
96677
96681
96701
96713
96717
96725
96741
96749
96761
96773
96777
96789
96809
96813
96821
96825
96845
96857
96861
96869
96893
96905
96917
96921
96933
96941
96953
96957
96965
96969
96989
97001
97005
97013
97029
97037
97049
97065
97077
97085
97097
97101
97109
97113
97133
97145
97157
97173
97181
97205
97209
97221
97229
97241
97245
97253
97257
97277
97289
97293
97301
97317
97337
97349
97353
97365
97373
97385
97389
97397
97401
97421
97433
97437
97445
97461
97469
97481
97493
97497
97509
97517
97529
97533
97541
97565
97577
97581
97605
97613
97625
97637
97641
97653
97661
97673
97685
97689
97709
97725
97733
97749
97757
97769
97781
97785
97797
97805
97817
97821
97829
97833
97865
97869
97877
97893
97901
97913
97925
97929
97949
97961
97965
97973
97977
97997
98009
98013
98021
98037
98045
98057
98069
98085
98093
98105
98109
98121
98141
98153
98157
98165
98181
98189
98201
98213
98217
98229
98237
98253
98261
98265
98285
98297
98301
98309
98325
98333
98345
98357
98361
98373
98393
98397
98405
98409
98429
98441
98445
98453
98477
98489
98501
98505
98517
98525
98537
98541
98549
98553
98573
98585
98589
98597
98613
98621
98633
98649
98661
98669
98681
98685
98693
98697
98717
98729
98741
98757
98765
98789
98793
98805
98813
98825
98829
98837
98841
98861
98873
98877
98885
98901
98921
98933
98937
98949
98957
98969
98973
98981
98985
99005
99017
99021
99029
99045
99053
99065
99077
99081
99093
99101
99113
99117
99125
99149
99161
99165
99189
99197
99209
99221
99225
99237
99245
99257
99269
99273
99293
99309
99317
99333
99341
99353
99365
99369
99381
99389
99401
99405
99413
99417
99449
99453
99461
99477
99485
99497
99509
99513
99533
99545
99549
99557
99561
99581
99593
99597
99605
99621
99629
99641
99653
99669
99677
99689
99693
99705
99725
99737
99741
99749
99765
99773
99785
99797
99801
99813
99821
99837
99845
99849
99869
99881
99885
99893
99909
99917
99929
99941
99945
99957
99977
99981
99989
99993
100013
100025
100029
100037
100061
100073
100085
100089
100101
100109
100121
100125
100133
100137
100157
100169
100173
100181
100197
100205
100217
100233
100245
100253
100265
100269
100277
100281
100301
100313
100325
100341
100349
100373
100377
100389
100397
100409
100413
100421
100425
100445
100457
100461
100469
100485
100505
100517
100521
100533
100541
100553
100557
100565
100569
100589
100601
100605
100613
100629
100637
100649
100661
100665
100677
100685
100697
100701
100709
100733
100745
100749
100773
100781
100793
100805
100809
100821
100829
100841
100853
100857
100877
100893
100901
100917
100925
100937
100949
100953
100965
100973
100985
100989
100997
101001
101033
101037
101045
101061
101069
101081
101093
101097
101117
101129
101133
101141
101145
101165
101177
101181
101189
101205
101213
101225
101237
101253
101261
101273
101277
101289
101309
101321
101325
101333
101349
101357
101369
101381
101385
101397
101405
101421
101429
101433
101453
101465
101469
101477
101493
101501
101513
101525
101529
101541
101561
101565
101573
101577
101597
101609
101613
101621
101645
101657
101669
101673
101685
101693
101705
101709
101717
101721
101741
101753
101757
101765
101781
101789
101801
101817
101829
101837
101849
101853
101861
101865
101885
101897
101909
101925
101933
101957
101961
101973
101981
101993
101997
102005
102009
102029
102041
102045
102053
102069
102089
102101
102105
102117
102125
102137
102141
102149
102153
102173
102185
102189
102197
102213
102221
102233
102245
102249
102261
102269
102281
102285
102293
102317
102329
102333
102357
102365
102377
102389
102393
102405
102413
102425
102437
102441
102461
102477
102485
102501
102509
102521
102533
102537
102549
102557
102569
102573
102581
102585
102617
102621
102629
102645
102653
102665
102677
102681
102701
102713
102717
102725
102729
102749
102761
102765
102773
102789
102797
102809
102821
102837
102845
102857
102861
102873
102893
102905
102909
102917
102933
102941
102953
102965
102969
102981
102989
103005
103013
103017
103037
103049
103053
103061
103077
103085
103097
103109
103113
103125
103145
103149
103157
103161
103181
103193
103197
103205
103229
103241
103253
103257
103269
103277
103289
103293
103301
103305
103325
103337
103341
103349
103365
103373
103385
103401
103413
103421
103433
103437
103445
103449
103469
103481
103493
103509
103517
103541
103545
103557
103565
103577
103581
103589
103593
103613
103625
103629
103637
103653
103673
103685
103689
103701
103709
103721
103725
103733
103737
103757
103769
103773
103781
103797
103805
103817
103829
103833
103845
103853
103865
103869
103877
103901
103913
103917
103941
103949
103961
103973
103977
103989
103997
104009
104021
104025
104045
104061
104069
104085
104093
104105
104117
104121
104133
104141
104153
104157
104165
104169
104201
104205
104213
104229
104237
104249
104261
104265
104285
104297
104301
104309
104313
104333
104345
104349
104357
104373
104381
104393
104405
104421
104429
104441
104445
104457
104477
104489
104493
104501
104517
104525
104537
104549
104553
104565
104573
104589
104597
104601
104621
104633
104637
104645
104661
104669
104681
104693
104697
104709
104729
104733
104741
104745
104765
104777
104781
104789
104813
104825
104837
104841
104853
104861
104873
104877
104885
104889
104909
104921
104925
104933
104949
104957
104969
104985
104997
105005
105017
105021
105029
105033
105053
105065
105077
105093
105101
105125
105129
105141
105149
105161
105165
105173
105177
105197
105209
105213
105221
105237
105257
105269
105273
105285
105293
105305
105309
105317
105321
105341
105353
105357
105365
105381
105389
105401
105413
105417
105429
105437
105449
105453
105461
105485
105497
105501
105525
105533
105545
105557
105561
105573
105581
105593
105605
105609
105629
105645
105653
105669
105677
105689
105701
105705
105717
105725
105737
105741
105749
105753
105785
105789
105797
105813
105821
105833
105845
105849
105869
105881
105885
105893
105897
105917
105929
105933
105941
105957
105965
105977
105989
106005
106013
106025
106029
106041
106061
106073
106077
106085
106101
106109
106121
106133
106137
106149
106157
106173
106181
106185
106205
106217
106221
106229
106245
106253
106265
106277
106281
106293
106313
106317
106325
106329
106349
106361
106365
106373
106397
106409
106421
106425
106437
106445
106457
106461
106469
106473
106493
106505
106509
106517
106533
106541
106553
106569
106581
106589
106601
106605
106613
106617
106637
106649
106661
106677
106685
106709
106713
106725
106733
106745
106749
106757
106761
106781
106793
106797
106805
106821
106841
106853
106857
106869
106877
106889
106893
106901
106905
106925
106937
106941
106949
106965
106973
106985
106997
107001
107013
107021
107033
107037
107045
107069
107081
107085
107109
107117
107129
107141
107145
107157
107165
107177
107189
107193
107213
107229
107237
107253
107261
107273
107285
107289
107301
107309
107321
107325
107333
107337
107369
107373
107381
107397
107405
107417
107429
107433
107453
107465
107469
107477
107481
107501
107513
107517
107525
107541
107549
107561
107573
107589
107597
107609
107613
107625
107645
107657
107661
107669
107685
107693
107705
107717
107721
107733
107741
107757
107765
107769
107789
107801
107805
107813
107829
107837
107849
107861
107865
107877
107897
107901
107909
107913
107933
107945
107949
107957
107981
107993
108005
108009
108021
108029
108041
108045
108053
108057
108077
108089
108093
108101
108117
108125
108137
108153
108165
108173
108185
108189
108197
108201
108221
108233
108245
108261
108269
108293
108297
108309
108317
108329
108333
108341
108345
108365
108377
108381
108389
108405
108425
108437
108441
108453
108461
108473
108477
108485
108489
108509
108521
108525
108533
108549
108557
108569
108581
108585
108597
108605
108617
108621
108629
108653
108665
108669
108693
108701
108713
108725
108729
108741
108749
108761
108773
108777
108797
108813
108821
108837
108845
108857
108869
108873
108885
108893
108905
108909
108917
108921
108953
108957
108965
108981
108989
109001
109013
109017
109037
109049
109053
109061
109065
109085
109097
109101
109109
109125
109133
109145
109157
109173
109181
109193
109197
109209
109229
109241
109245
109253
109269
109277
109289
109301
109305
109317
109325
109341
109349
109353
109373
109385
109389
109397
109413
109421
109433
109445
109449
109461
109481
109485
109493
109497
109517
109529
109533
109541
109565
109577
109589
109593
109605
109613
109625
109629
109637
109641
109661
109673
109677
109685
109701
109709
109721
109737
109749
109757
109769
109773
109781
109785
109805
109817
109829
109845
109853
109877
109881
109893
109901
109913
109917
109925
109929
109949
109961
109965
109973
109989
110009
110021
110025
110037
110045
110057
110061
110069
110073
110093
110105
110109
110117
110133
110141
110153
110165
110169
110181
110189
110201
110205
110213
110237
110249
110253
110277
110285
110297
110309
110313
110325
110333
110345
110357
110361
110381
110397
110405
110421
110429
110441
110453
110457
110469
110477
110489
110493
110501
110505
110537
110541
110549
110565
110573
110585
110597
110601
110621
110633
110637
110645
110649
110669
110681
110685
110693
110709
110717
110729
110741
110757
110765
110777
110781
110793
110813
110825
110829
110837
110853
110861
110873
110885
110889
110901
110909
110925
110933
110937
110957
110969
110973
110981
110997
111005
111017
111029
111033
111045
111065
111069
111077
111081
111101
111113
111117
111125
111149
111161
111173
111177
111189
111197
111209
111213
111221
111225
111245
111257
111261
111269
111285
111293
111305
111321
111333
111341
111353
111357
111365
111369
111389
111401
111413
111429
111437
111461
111465
111477
111485
111497
111501
111509
111513
111533
111545
111549
111557
111573
111593
111605
111609
111621
111629
111641
111645
111653
111657
111677
111689
111693
111701
111717
111725
111737
111749
111753
111765
111773
111785
111789
111797
111821
111833
111837
111861
111869
111881
111893
111897
111909
111917
111929
111941
111945
111965
111981
111989
112005
112013
112025
112037
112041
112053
112061
112073
112077
112085
112089
112121
112125
112133
112149
112157
112169
112181
112185
112205
112217
112221
112229
112233
112253
112265
112269
112277
112293
112301
112313
112325
112341
112349
112361
112365
112377
112397
112409
112413
112421
112437
112445
112457
112469
112473
112485
112493
112509
112517
112521
112541
112553
112557
112565
112581
112589
112601
112613
112617
112629
112649
112653
112661
112665
112685
112697
112701
112709
112733
112745
112757
112761
112773
112781
112793
112797
112805
112809
112829
112841
112845
112853
112869
112877
112889
112905
112917
112925
112937
112941
112949
112953
112973
112985
112997
113013
113021
113045
113049
113061
113069
113081
113085
113093
113097
113117
113129
113133
113141
113157
113177
113189
113193
113205
113213
113225
113229
113237
113241
113261
113273
113277
113285
113301
113309
113321
113333
113337
113349
113357
113369
113373
113381
113405
113417
113421
113445
113453
113465
113477
113481
113493
113501
113513
113525
113529
113549
113565
113573
113589
113597
113609
113621
113625
113637
113645
113657
113661
113669
113673
113705
113709
113717
113733
113741
113753
113765
113769
113789
113801
113805
113813
113817
113837
113849
113853
113861
113877
113885
113897
113909
113925
113933
113945
113949
113961
113981
113993
113997
114005
114021
114029
114041
114053
114057
114069
114077
114093
114101
114105
114125
114137
114141
114149
114165
114173
114185
114197
114201
114213
114233
114237
114245
114249
114269
114281
114285
114293
114317
114329
114341
114345
114357
114365
114377
114381
114389
114393
114413
114425
114429
114437
114453
114461
114473
114489
114501
114509
114521
114525
114533
114537
114557
114569
114581
114597
114605
114629
114633
114645
114653
114665
114669
114677
114681
114701
114713
114717
114725
114741
114761
114773
114777
114789
114797
114809
114813
114821
114825
114845
114857
114861
114869
114885
114893
114905
114917
114921
114933
114941
114953
114957
114965
114989
115001
115005
115029
115037
115049
115061
115065
115077
115085
115097
115109
115113
115133
115149
115157
115173
115181
115193
115205
115209
115221
115229
115241
115245
115253
115257
115289
115293
115301
115317
115325
115337
115349
115353
115373
115385
115389
115397
115401
115421
115433
115437
115445
115461
115469
115481
115493
115509
115517
115529
115533
115545
115565
115577
115581
115589
115605
115613
115625
115637
115641
115653
115661
115677
115685
115689
115709
115721
115725
115733
115749
115757
115769
115781
115785
115797
115817
115821
115829
115833
115853
115865
115869
115877
115901
115913
115925
115929
115941
115949
115961
115965
115973
115977
115997
116009
116013
116021
116037
116045
116057
116073
116085
116093
116105
116109
116117
116121
116141
116153
116165
116181
116189
116213
116217
116229
116237
116249
116253
116261
116265
116285
116297
116301
116309
116325
116345
116357
116361
116373
116381
116393
116397
116405
116409
116429
116441
116445
116453
116469
116477
116489
116501
116505
116517
116525
116537
116541
116549
116573
116585
116589
116613
116621
116633
116645
116649
116661
116669
116681
116693
116697
116717
116733
116741
116757
116765
116777
116789
116793
116805
116813
116825
116829
116837
116841
116873
116877
116885
116901
116909
116921
116933
116937
116957
116969
116973
116981
116985
117005
117017
117021
117029
117045
117053
117065
117077
117093
117101
117113
117117
117129
117149
117161
117165
117173
117189
117197
117209
117221
117225
117237
117245
117261
117269
117273
117293
117305
117309
117317
117333
117341
117353
117365
117369
117381
117401
117405
117413
117417
117437
117449
117453
117461
117485
117497
117509
117513
117525
117533
117545
117549
117557
117561
117581
117593
117597
117605
117621
117629
117641
117657
117669
117677
117689
117693
117701
117705
117725
117737
117749
117765
117773
117797
117801
117813
117821
117833
117837
117845
117849
117869
117881
117885
117893
117909
117929
117941
117945
117957
117965
117977
117981
117989
117993
118013
118025
118029
118037
118053
118061
118073
118085
118089
118101
118109
118121
118125
118133
118157
118169
118173
118197
118205
118217
118229
118233
118245
118253
118265
118277
118281
118301
118317
118325
118341
118349
118361
118373
118377
118389
118397
118409
118413
118421
118425
118457
118461
118469
118485
118493
118505
118517
118521
118541
118553
118557
118565
118569
118589
118601
118605
118613
118629
118637
118649
118661
118677
118685
118697
118701
118713
118733
118745
118749
118757
118773
118781
118793
118805
118809
118821
118829
118845
118853
118857
118877
118889
118893
118901
118917
118925
118937
118949
118953
118965
118985
118989
118997
119001
119021
119033
119037
119045
119069
119081
119093
119097
119109
119117
119129
119133
119141
119145
119165
119177
119181
119189
119205
119213
119225
119241
119253
119261
119273
119277
119285
119289
119309
119321
119333
119349
119357
119381
119385
119397
119405
119417
119421
119429
119433
119453
119465
119469
119477
119493
119513
119525
119529
119541
119549
119561
119565
119573
119577
119597
119609
119613
119621
119637
119645
119657
119669
119673
119685
119693
119705
119709
119717
119741
119753
119757
119781
119789
119801
119813
119817
119829
119837
119849
119861
119865
119885
119901
119909
119925
119933
119945
119957
119961
119973
119981
119993
119997
